0.0 3.15 3.46 3.29 3.21 3.46 3.48 3.46 3.48 
0.0 7.18 7.86 7.28 7.17 7.87 7.89 7.87 7.89 
0.0 9.89 10.9 10.13 10.12 10.94 10.9 10.9 10.96 
0.0 9.12 10.61 9.45 9.21 10.56 10.59 10.6 10.59 
0.0 7.36 8.48 8.13 7.6 8.5 8.56 8.56 8.45 
0.0 0.0 0.0 0.0 0.0 0.0 0.0 0.0 0.0 
0.0 0.0 0.0 0.0 0.0 0.0 0.0 0.0 0.0 
0.0 0.0 0.0 0.0 0.0 0.0 0.0 0.0 0.0 
0.0 0.0 0.0 0.0 0.0 0.0 0.0 0.0 0.0 
0.0 0.0 0.0 0.0 0.0 0.0 0.0 0.0 0.0 
0.0 0.0 0.0 0.0 0.0 0.0 0.0 0.0 0.0 

0.0 0.0 0.0 0.0 0.0 0.0 0.0 0.0 0.0 
0.0 0.0 0.0 0.0 0.0 0.0 0.0 0.0 0.0 
0.0 0.0 0.0 0.0 0.0 0.0 0.0 0.0 0.0 
0.0 0.0 0.0 0.0 0.0 0.0 0.0 0.0 0.0 
0.0 0.0 0.0 0.0 0.0 0.0 0.0 0.0 0.0 
0.0 8.97 9.22 8.94 9.05 9.25 9.2 9.25 9.2 
0.0 10.98 11.31 10.81 10.97 11.31 11.44 11.38 11.33 
0.0 11.01 12.06 11.0 11.21 12.02 12.05 12.02 11.96 
0.0 11.17 12.87 11.81 11.11 12.84 12.8 12.68 12.72 
0.0 11.11 13.15 11.54 10.99 13.23 13.21 13.19 13.09 
0.0 10.99 13.65 12.08 10.9 13.69 13.77 13.65 13.63 
0.0 11.09 13.97 12.24 11.03 14.2 14.06 14.03 13.98 
0.0 10.93 14.73 12.36 11.23 14.81 14.88 14.6 14.53 

0.0 8.5 8.9 8.6 8.5 8.9 8.9 8.9 8.9 
0.0 13.9 15.3 13.1 14.2 15.3 15.3 15.2 15.4 
0.0 14.3 16.7 12.5 14.1 16.6 16.9 16.9 16.6 
0.0 13.4 18.5 14.2 15.0 18.6 18.8 19.0 18.5 

0.0 9.1 9.2 8.9 8.8 9.2 9.2 9.2 9.2 
0.0 13.6 14.6 13.1 13.4 14.7 14.6 14.6 14.7 
0.0 12.9 15.5 13.4 13.2 15.3 15.8 15.7 15.4 
0.0 13.1 17.3 13.7 14.5 16.8 17.4 17.1 17.0 

0.0 9.3 10.1 9.6 9.6 10.1 10.1 10.1 10.1 
0.0 13.3 14.7 12.9 12.9 14.6 14.7 14.7 14.6 
0.0 13.2 15.9 12.0 13.7 16.1 16.1 16.0 16.0 
0.0 13.8 19.1 14.7 14.5 19.1 18.8 18.9 19.0 
0.0 14.2 19.2 14.2 15.3 19.1 19.1 19.3 19.1 
0.0 13.7 19.9 15.5 14.5 20.1 20.5 20.3 20.0 
0.0 14.0 21.6 16.2 15.1 22.0 22.0 21.8 21.6 
0.0 14.4 22.9 16.3 15.5 23.0 23.3 23.0 22.6 

0.0 9.5 9.8 9.5 9.3 9.7 9.8 9.7 9.8 
0.0 19.3 19.6 19.4 19.1 19.6 19.6 19.6 19.6 
0.0 25.4 26.1 25.0 24.5 26.1 26.1 26.1 26.1 
0.0 24.4 26.0 23.1 24.0 25.9 25.8 25.8 25.9 
0.0 25.2 30.3 24.1 25.0 30.6 30.6 30.3 30.6 
0.0 23.1 28.5 23.6 23.2 28.8 28.3 28.9 28.5 
0.0 23.4 31.6 24.3 25.7 31.3 32.1 32.0 31.6 
0.0 25.7 35.9 26.9 27.2 35.2 35.5 35.1 35.2 

0.0 8.9 9.4 9.0 8.9 9.4 9.4 9.4 9.4 
0.0 18.9 19.6 19.1 18.2 19.6 19.6 19.6 19.6 
0.0 25.9 26.7 25.0 25.2 26.7 26.7 26.7 26.7 
0.0 23.5 26.4 21.7 22.9 26.2 26.3 26.1 26.3 
0.0 24.0 28.6 23.4 23.5 28.9 28.6 28.4 28.6 
0.0 23.9 30.2 23.7 22.7 30.0 29.9 30.4 29.5 
0.0 24.0 31.7 27.3 23.6 32.0 32.3 32.1 31.8 
0.0 25.5 35.6 28.0 24.7 35.5 35.4 35.5 34.9 

0.0 18.95 19.45 18.7 18.6 19.45 19.45 19.45 19.45 
0.0 23.05 26.35 23.05 23.5 26.25 26.15 26.25 26.1 
0.0 23.65 29.85 23.55 24.65 30.05 30.05 29.65 30.25 
0.0 24.15 33.65 24.8 26.45 33.4 33.9 33.55 33.6 
0.0 23.35 36.7 25.5 27.8 36.6 36.55 36.25 36.9 

0.0 24.0 25.0 23.5 24.3 25.0 25.0 25.0 25.0 
0.0 25.9 28.7 23.3 24.8 28.5 28.8 28.5 28.5 
0.0 25.0 34.2 24.6 26.8 34.0 33.8 33.9 33.8 
0.0 22.7 38.5 24.7 30.6 38.6 38.8 38.1 39.4 
0.0 24.6 38.4 25.4 32.0 38.4 37.8 37.6 38.6 
0.0 24.9 42.9 26.0 33.4 41.8 43.0 41.6 42.2 
0.0 22.7 44.1 27.6 31.9 44.2 44.0 42.6 44.5 
0.0 23.9 48.9 31.3 36.4 48.7 48.7 47.5 48.1 

0.0 0.0 0.0 0.0 0.0 0.0 0.0 0.0 0.0 
0.0 0.0 0.0 0.0 0.0 0.0 0.0 0.0 0.0 
0.0 0.0 0.0 0.0 0.0 0.0 0.0 0.0 0.0 
0.0 0.0 0.0 0.0 0.0 0.0 0.0 0.0 0.0 
0.0 0.0 0.0 0.0 0.0 0.0 0.0 0.0 0.0 
0.0 0.0 0.0 0.0 0.0 0.0 0.0 0.0 0.0 

0.0 0.0 0.0 0.0 0.0 0.0 0.0 0.0 0.0 
0.0 0.0 0.0 0.0 0.0 0.0 0.0 0.0 0.0 
0.0 0.0 0.0 0.0 0.0 0.0 0.0 0.0 0.0 
0.0 0.0 0.0 0.0 0.0 0.0 0.0 0.0 0.0 
0.0 0.0 0.0 0.0 0.0 0.0 0.0 0.0 0.0 
0.0 0.0 0.0 0.0 0.0 0.0 0.0 0.0 0.0 
0.0 0.0 0.0 0.0 0.0 0.0 0.0 0.0 0.0 
0.0 0.0 0.0 0.0 0.0 0.0 0.0 0.0 0.0 
0.0 0.0 0.0 0.0 0.0 0.0 0.0 0.0 0.0 
0.0 0.0 0.0 0.0 0.0 0.0 0.0 0.0 0.0 

0.0 28.0 32.0 27.0 25.0 32.0 32.0 32.0 32.0 
0.0 21.0 33.0 23.0 31.0 32.0 31.0 30.0 33.0 
0.0 26.0 44.0 26.0 35.0 44.0 46.0 47.0 44.0 
0.0 27.0 49.0 30.0 33.0 50.0 50.0 48.0 51.0 
0.0 27.0 52.0 37.0 34.0 51.0 52.0 51.0 52.0 
0.0 24.0 59.0 39.0 31.0 57.0 56.0 56.0 57.0 
0.0 24.0 52.0 32.0 33.0 49.0 48.0 47.0 47.0 
0.0 23.0 64.0 32.0 38.0 59.0 62.0 61.0 61.0 

0.0 38.0 39.0 38.0 33.0 39.0 40.0 40.0 39.0 
0.0 39.0 54.0 42.0 41.0 54.0 55.0 55.0 54.0 
0.0 37.0 56.0 45.0 44.0 58.0 60.0 57.0 60.0 
0.0 40.0 65.0 50.0 45.0 66.0 64.0 67.0 66.0 
0.0 39.0 72.0 51.0 47.0 70.0 72.0 73.0 70.0 
0.0 34.0 65.0 56.0 47.0 66.0 62.0 68.0 61.0 
0.0 45.0 83.0 50.0 54.0 82.0 84.0 82.0 79.0 
0.0 39.0 87.0 46.0 61.0 88.0 86.0 87.0 88.0 

0.0 37.0 87.0 48.0 64.0 85.0 85.0 86.0 84.0 
0.0 37.0 90.0 47.0 62.0 88.0 88.0 90.0 88.0 
0.0 40.0 87.0 50.0 72.0 85.0 95.0 95.0 85.0 
0.0 44.0 97.0 48.0 74.0 94.0 99.0 97.0 97.0 
0.0 36.0 94.0 49.0 59.0 87.0 91.0 90.0 90.0 
0.0 37.0 88.0 49.0 65.0 88.0 83.0 77.0 86.0 
0.0 41.0 97.0 60.0 59.0 97.0 94.0 98.0 90.0 

0.0 44.0 49.0 47.0 36.0 49.0 49.0 49.0 49.0 49.0 49.0 
0.0 41.0 50.0 41.0 38.0 51.0 49.0 49.0 51.0 49.0 51.0 
0.0 41.0 58.0 47.0 48.0 57.0 59.0 55.0 59.0 59.0 57.0 
0.0 40.0 58.0 44.0 48.0 58.0 60.0 57.0 61.0 59.0 57.0 
0.0 41.0 74.0 49.0 51.0 76.0 76.0 75.0 74.0 75.0 75.0 
0.0 36.0 76.0 47.0 52.0 74.0 76.0 72.0 76.0 72.0 77.0 
0.0 45.0 82.0 55.0 49.0 81.0 81.0 81.0 79.0 81.0 80.0 
0.0 37.0 86.0 65.0 51.0 86.0 85.0 85.0 86.0 86.0 86.0 
0.0 38.0 89.0 65.0 51.0 87.0 89.0 88.0 88.0 89.0 88.0 
0.0 39.0 87.0 65.0 52.0 86.0 86.0 86.0 86.0 87.0 88.0 
0.0 36.0 92.0 66.0 49.0 91.0 91.0 89.0 90.0 90.0 90.0 
0.0 41.0 101.0 69.0 55.0 102.0 101.0 103.0 99.0 102.0 102.0 

0.0 39.2 45.0 36.4 38.8 44.8 45.0 44.8 44.8 45.0 45.0 
0.0 39.0 51.4 39.8 42.2 50.6 52.6 53.0 50.0 52.4 50.8 
0.0 40.8 60.2 40.0 51.0 60.0 60.8 60.8 59.0 61.4 59.6 
0.0 38.0 64.2 44.4 52.8 65.0 63.6 65.0 63.2 64.6 64.4 
0.0 38.8 73.4 46.0 55.0 73.2 72.0 73.2 70.6 72.0 73.0 
0.0 40.2 79.0 50.4 52.0 79.6 77.8 77.8 77.8 78.2 78.4 
0.0 38.6 81.6 50.2 53.0 80.6 81.8 79.8 81.2 81.8 79.6 
0.0 40.8 87.2 54.4 52.4 85.4 87.4 84.8 85.2 85.6 85.2 
0.0 40.2 88.6 56.2 50.8 87.4 88.2 85.8 87.8 88.6 86.6 
0.0 38.8 89.8 56.2 52.8 91.6 89.8 87.2 91.4 90.6 88.6 
0.0 38.4 92.8 66.4 50.8 92.6 93.2 91.6 93.6 93.8 92.8 
0.0 40.2 95.8 66.4 51.8 94.6 93.6 95.2 94.2 95.2 94.6 

0.0 4.8 4.8 4.8 4.4 4.8 4.8 4.8 4.8 4.8 4.8 
0.0 9.2 9.2 9.2 9.2 9.2 9.2 9.2 9.2 9.2 9.2 
0.0 13.4 13.4 13.4 13.4 13.4 13.4 13.4 13.4 13.4 13.4 
0.0 21.8 21.8 21.8 21.8 21.8 21.8 21.8 21.8 21.8 21.8 
0.0 24.0 24.0 24.0 24.0 24.0 24.0 24.0 24.0 24.0 24.0 
0.0 29.8 29.8 29.8 29.8 29.8 29.8 29.8 29.8 29.8 29.8 
0.0 36.6 36.6 36.6 35.8 36.6 36.6 36.6 36.6 36.6 36.6 
0.0 35.4 34.8 33.8 34.2 34.6 34.8 34.8 34.6 34.8 34.4 
0.0 40.0 42.6 39.0 37.0 42.6 42.6 42.6 42.4 42.4 42.6 
0.0 38.0 39.4 35.8 36.0 39.8 39.6 39.6 39.8 39.4 39.4 
0.0 39.0 42.4 36.0 35.8 42.2 42.6 42.4 42.2 42.6 42.0 
0.0 39.6 45.0 37.0 36.6 44.8 44.6 44.6 44.8 44.4 44.4 

0.0 0.0 0.0 0.0 0.0 0.0 0.0 0.0 0.0 0.0 0.0 
0.0 0.0 0.0 0.0 0.0 0.0 0.0 0.0 0.0 0.0 0.0 
0.0 0.0 0.0 0.0 0.0 0.0 0.0 0.0 0.0 0.0 0.0 
0.0 0.0 0.0 0.0 0.0 0.0 0.0 0.0 0.0 0.0 0.0 
0.0 0.0 0.0 0.0 0.0 0.0 0.0 0.0 0.0 0.0 0.0 
0.0 0.0 0.0 0.0 0.0 0.0 0.0 0.0 0.0 0.0 0.0 
0.0 4.4 4.6 3.6 3.8 4.6 4.8 4.6 4.8 4.8 4.6 
0.0 5.6 6.6 6.0 5.8 6.6 6.6 6.6 6.6 6.6 6.8 
0.0 10.2 12.4 9.8 11.4 12.4 12.4 12.4 12.4 12.2 12.4 
0.0 9.4 12.4 9.4 10.6 12.6 12.4 12.6 12.4 12.4 12.6 
0.0 10.8 12.6 10.8 10.6 12.2 13.8 13.4 12.6 14.0 13.8 
0.0 9.0 12.0 10.4 9.6 11.8 12.8 12.4 12.0 12.4 12.2 
0.0 7.0 10.0 8.0 7.0 9.2 10.0 10.0 9.0 9.8 9.2 
0.0 8.0 10.2 8.2 8.0 10.6 10.0 10.4 10.0 9.6 10.2 
0.0 7.4 9.0 8.0 8.4 9.4 8.6 9.2 9.0 8.8 9.2 
0.0 7.2 12.2 10.0 7.4 12.8 12.2 12.8 12.6 12.6 13.0 
0.0 5.8 9.0 8.4 7.8 8.6 9.0 8.8 8.2 9.0 8.2 
0.0 5.8 10.2 8.6 7.8 10.2 10.2 10.6 9.4 10.2 10.0 

0.0 3.06 3.65 3.15 3.15 3.64 3.64 3.64 3.64 3.65 3.63 
0.0 6.14 7.5 6.47 6.33 7.51 7.52 7.51 7.52 7.53 7.5 
0.0 9.74 11.65 9.91 10.09 11.69 11.66 11.69 11.66 11.66 11.7 
0.0 11.06 13.96 11.69 11.28 13.96 13.99 14.01 13.75 13.79 13.95 
0.0 8.12 10.79 8.48 9.07 11.19 10.9 10.85 11.13 11.1 10.94 
0.0 4.47 6.28 4.86 4.71 6.28 6.62 6.55 6.15 6.65 6.38 
0.0 0.93 2.34 0.88 1.46 2.08 2.33 2.35 1.92 2.03 2.46 
0.0 0.0 0.0 0.0 0.0 0.0 0.0 0.0 0.0 0.0 0.0 
0.0 0.0 0.0 0.0 0.0 0.0 0.0 0.0 0.0 0.0 0.0 

0.0 0.0 0.0 0.0 0.0 0.0 0.0 0.0 0.0 0.0 0.0 
0.0 0.0 0.0 0.0 0.0 0.0 0.0 0.0 0.0 0.0 0.0 

NFavailability = 99.9. 2 pods are onboard if HA(99.99) is required else only 1 pod is onboard

NFavailability = 99.9. 2 pods are onboard if HA(99.99) is required else only 1 pod is onboard
0.0 0.0 0.0 0.0 0.0 0.0 0.0 0.0 0.0 0.0 0.0 0.0 
0.0 0.0 0.0 0.0 0.0 0.0 0.0 0.0 0.0 0.0 0.0 0.0 
0.0 0.0 0.0 0.0 0.0 0.0 0.0 0.0 0.0 0.0 0.0 0.0 

NFavailability = 99.9. 2 pods are onboard if HA(99.99) is required else only 1 pod is onboard
0.0 0.0 0.0 0.0 0.0 0.0 0.0 0.0 0.0 0.0 0.0 0.0 
0.0 0.0 0.0 0.0 0.0 0.0 0.0 0.0 0.0 0.0 0.0 0.0 
0.0 0.0 0.0 0.0 0.0 0.0 0.0 0.0 0.0 0.0 0.0 0.0 

NFavailability = 99.9. 2 pods are onboard if HA(99.99) is required else only 1 pod is onboard
0.0 0.0 0.0 0.0 0.0 0.0 0.0 0.0 0.0 0.0 0.0 0.0 
0.0 0.0 0.0 0.0 0.0 0.0 0.0 0.0 0.0 0.0 0.0 0.0 
0.0 0.0 0.0 0.0 0.0 0.0 0.0 0.0 0.0 0.0 0.0 0.0 
0.0 0.0 0.0 0.0 0.0 0.0 0.0 0.0 0.0 0.0 0.0 0.0 
0.0 0.0 0.0 0.0 0.0 0.0 0.0 0.0 0.0 0.0 0.0 0.0 
0.0 0.0 0.0 0.0 0.0 0.0 0.0 0.0 0.0 0.0 0.0 0.0 

NFavailability = 99.9. 2 pods are onboard if HA(99.99) is required else only 1 pod is onboard
0.0 13.4 21.8 15.4 16.2 23.0 22.8 22.2 23.0 22.8 22.8 23.4 
0.0 14.0 22.6 15.2 16.2 23.6 23.0 22.0 23.8 23.4 23.6 24.0 
0.0 13.4 26.4 15.2 18.2 26.2 26.4 26.2 26.4 26.8 26.6 27.6 

NFavailability = 99.9. 2 pods are onboard if HA(99.99) is required else only 1 pod is onboard
0.0 13.8 24.6 16.6 17.0 23.8 24.6 24.4 24.2 25.0 23.8 25.0 
0.0 13.4 23.8 16.6 16.2 23.4 23.2 22.8 24.0 23.6 23.4 23.6 
0.0 12.4 24.8 17.6 17.8 26.4 25.2 25.2 25.4 24.8 26.0 26.6 

NFavailability = 99.9. 2 pods are onboard if HA(99.99) is required else only 1 pod is onboard
NFavailability = 99.9. 2 pods are onboard if HA(99.99) is required else only 1 pod is onboard

NFavailability = 99.9. 2 pods are onboard if HA(99.99) is required else only 1 pod is onboard
NFavailability = 99.9. 2 pods are onboard if HA(99.99) is required else only 1 pod is onboard
NFavailability = 99.9. 2 pods are onboard if HA(99.99) is required else only 1 pod is onboard

NFavailability = 99.9. 2 pods are onboard if HA(99.99) is required else only 1 pod is onboard

NFavailability = 99.9. 2 pods are onboard if HA(99.99) is required else only 1 pod is onboard

NFavailability = 99.9. 2 pods are onboard if HA(99.99) is required else only 1 pod is onboard
NFavailability = 99.9. 2 pods are onboard if HA(99.99) is required else only 1 pod is onboard
NFavailability = 99.9. 2 pods are onboard if HA(99.99) is required else only 1 pod is onboard
NFavailability = 99.9. 2 pods are onboard if HA(99.99) is required else only 1 pod is onboard
NFavailability = 99.9. 2 pods are onboard if HA(99.99) is required else only 1 pod is onboard
0.0 9.0 9.0 10.0 9.0 
0.0 16.0 18.0 14.0 16.0 

NFavailability = 99.9. 2 pods are onboard if HA(99.99) is required else only 1 pod is onboard
0.0 5.0 5.0 5.0 5.0 
0.0 12.0 13.0 12.0 13.0 

NFavailability = 99.9. 2 pods are onboard if HA(99.99) is required else only 1 pod is onboard
0.0 10.0 10.0 10.0 10.0 
0.0 16.0 16.0 12.0 16.0 

NFavailability = 99.9. 2 pods are onboard if HA(99.99) is required else only 1 pod is onboard
0.0 9.0 9.0 9.0 9.0 
NFavailability = 99.9. 2 pods are onboard if HA(99.99) is required else only 1 pod is onboard
0.0 11.0 11.0 11.0 11.0 
0.0 10.0 14.0 11.0 14.0 

NFavailability = 99.9. 2 pods are onboard if HA(99.99) is required else only 1 pod is onboard

NFavailability = 99.9. 2 pods are onboard if HA(99.99) is required else only 1 pod is onboard
0.0 10.0 10.0 10.0 10.0 
0.0 20.0 17.0 17.0 20.0 

NFavailability = 99.9. 2 pods are onboard if HA(99.99) is required else only 1 pod is onboard
0.0 7.8 7.8 7.6 7.8 
0.0 17.4 16.6 16.2 17.4 

NFavailability = 99.9. 2 pods are onboard if HA(99.99) is required else only 1 pod is onboard
0.0 9.38 9.24 9.26 9.38 
NFavailability = 99.9. 2 pods are onboard if HA(99.99) is required else only 1 pod is onboard

NFavailability = 99.9. 2 pods are onboard if HA(99.99) is required else only 1 pod is onboard
NFavailability = 99.9. 2 pods are onboard if HA(99.99) is required else only 1 pod is onboard
NFavailability = 99.9. 2 pods are onboard if HA(99.99) is required else only 1 pod is onboard
NFavailability = 99.9. 2 pods are onboard if HA(99.99) is required else only 1 pod is onboard
NFavailability = 99.9. 2 pods are onboard if HA(99.99) is required else only 1 pod is onboard

NFavailability = 99.9. 2 pods are onboard if HA(99.99) is required else only 1 pod is onboard

NFavailability = 99.9. 2 pods are onboard if HA(99.99) is required else only 1 pod is onboard
0.0 8.8 10.0 10.0 
0.0 19.4 19.8 19.8 

NFavailability = 99.9. 2 pods are onboard if HA(99.99) is required else only 1 pod is onboard
NFavailability = 99.9. 2 pods are onboard if HA(99.99) is required else only 1 pod is onboard

NFavailability = 99.9. 2 pods are onboard if HA(99.99) is required else only 1 pod is onboard

NFavailability = 99.9. 2 pods are onboard if HA(99.99) is required else only 1 pod is onboard

NFavailability = 99.9. 2 pods are onboard if HA(99.99) is required else only 1 pod is onboard

NFavailability = 99.9. 2 pods are onboard if HA(99.99) is required else only 1 pod is onboard

NFavailability = 99.9. 2 pods are onboard if HA(99.99) is required else only 1 pod is onboard

NFavailability = 99.9. 2 pods are onboard if HA(99.99) is required else only 1 pod is onboard

NFavailability = 99.9. 2 pods are onboard if HA(99.99) is required else only 1 pod is onboard
0.0 1.2 1.8 1.6 
NFavailability = 99.9. 2 pods are onboard if HA(99.99) is required else only 1 pod is onboard
NFavailability = 99.9. 2 pods are onboard if HA(99.99) is required else only 1 pod is onboard
0.0 9.28 9.28 9.75 9.75 
0.0 13.87 14.54 14.97 15.74 
0.0 13.47 14.28 16.02 17.11 
NFavailability = 99.9. 2 pods are onboard if HA(99.99) is required else only 1 pod is onboard
0.0 9.16 9.16 9.61 9.61 
0.0 13.11 14.16 14.15 15.35 
0.0 13.05 14.2 15.72 17.3 
0.0 13.07 14.24 17.37 19.01 
0.0 12.98 14.17 18.68 20.28 
0.0 12.97 14.21 20.1 21.58 
0.0 12.92 14.11 21.2 22.78 
0.0 12.98 14.12 22.1 23.64 
0.0 12.89 14.13 23.03 24.62 
0.0 12.98 14.25 23.93 25.55 
0.0 12.98 14.14 24.56 26.31 
0.0 13.05 14.18 25.27 27.08 
0.0 12.78 14.09 26.0 27.86 
0.0 13.09 14.29 26.92 28.77 
0.0 13.03 14.12 27.42 29.36 
0.0 12.98 14.14 27.96 29.97 
0.0 13.0 14.18 28.3 30.41 
0.0 13.12 14.28 29.11 31.18 
0.0 13.1 14.27 29.54 31.6 
0.0 12.93 14.08 29.82 31.87 
0.0 13.05 14.3 30.2 32.24 
0.0 13.03 14.24 30.55 32.62 
0.0 13.01 14.2 30.72 32.78 
0.0 13.03 14.24 30.88 32.93 
0.0 13.02 14.22 31.48 33.55 
0.0 13.1 14.3 31.59 33.72 
0.0 13.1 14.22 31.54 33.73 
0.0 13.02 14.16 32.19 34.26 
0.0 12.74 13.95 32.27 34.34 
0.0 12.97 14.15 32.61 34.66 

NFavailability = 99.9. 2 pods are onboard if HA(99.99) is required else only 1 pod is onboard
0.0 13.11 14.23 14.27 15.45 
0.0 12.94 14.15 17.22 18.74 
0.0 13.0 14.18 20.07 21.63 
0.0 12.96 14.14 22.07 23.62 
0.0 13.08 14.31 23.95 25.63 
0.0 13.06 14.23 25.46 27.25 
0.0 13.05 14.22 26.72 28.56 
0.0 12.9 14.15 27.89 29.88 
0.0 12.98 14.17 29.16 31.1 
0.0 13.0 14.14 29.82 31.86 
0.0 13.12 14.27 30.2 32.28 
0.0 13.13 14.23 31.08 33.18 
0.0 12.98 14.21 31.7 33.79 
0.0 13.03 14.28 32.03 34.16 
0.0 12.95 14.17 32.62 34.64 
0.0 13.01 14.2 32.89 34.99 
0.0 13.06 14.24 33.41 35.46 
0.0 12.97 14.18 33.64 35.78 
0.0 13.07 14.26 34.26 36.31 
0.0 13.03 14.3 34.21 36.38 

NFavailability = 99.9. 2 pods are onboard if HA(99.99) is required else only 1 pod is onboard
0.0 7.13 7.74 7.56 8.2 
0.0 6.84 7.82 8.5 9.8 
0.0 6.83 7.82 9.9 11.22 
0.0 6.86 7.81 10.95 12.36 
0.0 6.75 7.74 11.76 13.23 
0.0 6.84 7.8 12.84 14.3 
0.0 6.85 7.79 13.46 15.11 
0.0 6.82 7.8 13.84 15.59 
0.0 6.8 7.78 14.52 16.39 
0.0 6.84 7.83 14.94 16.8 
0.0 6.87 7.86 15.48 17.31 
0.0 6.75 7.77 15.77 17.62 
0.0 6.75 7.73 16.02 17.9 
0.0 6.9 7.88 16.01 17.99 
0.0 6.91 7.88 16.48 18.46 
0.0 6.76 7.79 16.81 18.7 
0.0 6.81 7.83 17.04 19.03 
0.0 6.8 7.78 17.13 19.14 
0.0 6.92 7.93 17.3 19.24 
0.0 6.86 7.76 17.46 19.4 
0.0 6.84 7.77 17.53 19.51 
0.0 6.82 7.78 17.85 19.87 
0.0 6.8 7.79 17.91 19.97 
0.0 6.77 7.77 17.9 19.85 
0.0 6.8 7.74 17.91 19.92 

NFavailability = 99.9. 2 pods are onboard if HA(99.99) is required else only 1 pod is onboard
0.0 7.22 7.86 7.74 8.31 
0.0 6.78 7.79 8.66 9.95 
0.0 6.86 7.81 10.02 11.36 
0.0 6.83 7.78 10.79 12.13 
0.0 6.79 7.77 11.69 13.14 
0.0 6.79 7.76 12.49 14.06 
0.0 6.79 7.81 13.38 15.02 
0.0 6.76 7.77 13.96 15.68 
0.0 6.84 7.81 14.47 16.28 
0.0 6.79 7.85 14.98 16.8 
0.0 6.79 7.75 15.28 17.21 
0.0 6.76 7.79 15.8 17.7 
0.0 6.89 7.88 15.94 17.85 
0.0 6.86 7.84 16.35 18.29 
0.0 6.82 7.81 16.48 18.51 
0.0 6.76 7.75 16.93 18.82 
0.0 6.89 7.84 16.87 18.79 
0.0 6.87 7.81 16.88 18.89 
0.0 6.73 7.71 17.33 19.32 
0.0 6.82 7.84 17.39 19.38 
0.0 6.76 7.79 17.68 19.63 
0.0 6.78 7.79 17.73 19.72 
0.0 6.79 7.81 17.95 19.94 
0.0 6.78 7.75 17.8 19.86 
0.0 6.89 7.83 18.18 20.2 

