10.0 10.0 10.0 10.0 10.0 10.0 10.0 10.0 10.0 
19.59 19.98 19.98 19.97 19.97 19.98 19.98 19.98 19.98 
23.16 28.11 28.32 28.03 28.02 28.38 28.33 28.32 28.37 
23.22 27.25 29.05 27.41 26.82 29.0 29.03 29.04 28.98 
23.09 26.29 28.3 26.73 25.91 28.32 28.3 28.3 28.25 
4.5 4.5 4.5 4.5 4.5 4.5 4.5 4.5 4.5 
11.5 11.5 11.5 11.5 11.5 11.5 11.5 11.5 11.5 
12.0 12.0 12.0 12.0 12.0 12.0 12.0 12.0 12.0 
22.5 22.5 22.5 22.5 22.5 22.5 22.5 22.5 22.5 
21.5 21.5 21.5 21.5 21.5 21.5 21.5 21.5 21.5 
27.5 27.5 28.0 27.0 27.5 28.0 28.0 28.0 28.0 

5.15 5.15 5.15 5.15 5.15 5.15 5.15 5.15 5.15 
10.05 10.05 10.05 10.05 10.05 10.05 10.05 10.05 10.05 
15.11 15.11 15.11 15.11 15.11 15.11 15.11 15.11 15.11 
9.9 9.9 9.9 9.9 9.9 9.9 9.9 9.9 9.9 
19.9 19.9 19.9 19.9 19.9 19.9 19.9 19.9 19.9 
18.17 19.92 19.92 19.92 19.9 19.92 19.92 19.92 19.92 
19.85 24.97 26.36 24.39 24.82 26.36 26.49 26.43 26.38 
19.39 24.9 28.33 25.14 25.18 28.29 28.32 28.29 28.23 
19.79 25.19 30.27 26.88 25.47 30.24 30.2 30.08 30.12 
19.76 25.06 31.11 26.87 25.6 31.19 31.17 31.15 31.05 
19.87 25.04 32.45 28.05 25.45 32.49 32.57 32.45 32.43 
19.61 25.12 33.09 28.19 25.64 33.32 33.18 33.15 33.1 
19.75 24.86 34.35 28.34 25.94 34.43 34.5 34.22 34.15 

19.5 20.0 20.0 20.0 20.0 20.0 20.0 20.0 20.0 
25.6 30.4 32.3 28.7 30.5 32.3 32.3 32.2 32.4 
26.0 31.8 37.4 28.4 30.9 37.3 37.6 37.6 37.3 
24.2 30.6 42.0 31.3 33.7 42.1 42.3 42.5 42.0 

19.7 20.0 20.0 20.0 20.0 20.0 20.0 20.0 20.0 
24.3 31.7 34.0 30.5 30.9 34.1 34.0 34.0 34.1 
25.1 30.8 36.5 30.2 30.0 36.3 36.8 36.7 36.4 
22.9 29.3 39.3 30.3 31.7 38.8 39.4 39.1 39.0 

19.9 20.0 20.0 20.0 20.0 20.0 20.0 20.0 20.0 
23.8 30.7 33.2 29.7 29.9 33.1 33.2 33.2 33.1 
24.1 30.3 36.3 28.1 30.5 36.5 36.5 36.4 36.4 
24.3 31.2 43.0 32.4 33.2 43.0 42.7 42.8 42.9 
24.8 31.1 44.2 33.2 33.1 44.1 44.1 44.3 44.1 
25.0 32.3 47.7 35.8 34.6 47.9 48.3 48.1 47.8 
25.3 31.6 50.4 37.2 34.6 50.8 50.8 50.6 50.4 
24.1 32.3 53.8 37.3 36.9 53.9 54.2 53.9 53.5 

20.0 20.0 20.0 20.0 20.0 20.0 20.0 20.0 20.0 
37.0 40.0 40.0 40.0 40.0 40.0 40.0 40.0 40.0 
40.3 53.9 55.0 53.1 52.2 55.0 55.0 55.0 55.0 
40.0 53.0 57.9 50.6 50.4 57.8 57.7 57.7 57.8 
42.9 55.8 65.6 51.6 54.2 65.9 65.9 65.6 65.9 
38.6 52.7 67.1 52.1 54.2 67.4 66.9 67.5 67.1 
40.4 52.6 71.4 54.7 56.5 71.1 71.9 71.8 71.4 
40.8 54.4 77.1 58.0 58.3 76.4 76.7 76.3 76.4 

20.0 20.0 20.0 20.0 20.0 20.0 20.0 20.0 20.0 
39.1 40.0 40.0 40.0 40.0 40.0 40.0 40.0 40.0 
41.0 55.8 56.4 54.9 54.7 56.4 56.4 56.4 56.4 
39.3 52.8 59.2 49.4 50.5 59.0 59.1 58.9 59.1 
41.1 54.3 64.7 52.3 51.9 65.0 64.7 64.5 64.7 
39.2 53.4 69.2 54.6 51.5 69.0 68.9 69.4 68.5 
40.0 53.5 72.5 60.2 52.9 72.8 73.1 72.9 72.6 
42.2 55.4 78.1 62.0 54.8 78.0 77.9 78.0 77.4 

38.15 40.0 40.0 40.0 40.0 40.0 40.0 40.0 40.0 
38.75 51.6 58.85 49.15 51.5 58.75 58.65 58.75 58.6 
39.9 52.1 67.5 52.75 53.65 67.7 67.7 67.3 67.9 
40.6 53.7 75.35 55.95 58.55 75.1 75.6 75.25 75.3 
38.45 51.35 82.0 57.25 62.2 81.9 81.85 81.55 82.2 

40.9 49.7 49.8 49.6 49.8 49.8 49.8 49.8 49.8 
39.4 54.4 64.4 50.8 53.5 64.2 64.5 64.2 64.2 
40.8 54.8 75.9 54.3 60.6 75.7 75.5 75.6 75.5 
41.2 51.9 83.6 54.7 66.5 83.7 83.9 83.2 84.5 
39.4 53.6 86.6 55.8 71.1 86.6 86.0 85.8 86.8 
41.2 54.9 95.6 58.2 73.6 94.5 95.7 94.3 94.9 
39.6 50.9 98.9 60.8 71.7 99.0 98.8 97.4 99.3 
38.6 53.1 104.8 65.8 79.0 104.6 104.6 103.4 104.0 

58.6 56.8 62.5 58.7 59.4 62.5 62.5 62.5 62.5 
57.7 59.6 70.7 56.7 56.1 70.7 70.7 70.7 70.7 
59.8 60.5 84.1 67.3 60.1 84.1 84.1 84.1 84.1 
59.4 59.3 92.8 70.7 63.2 92.8 92.8 92.8 92.8 
58.8 58.3 98.5 74.4 63.1 98.5 98.5 98.5 98.5 
56.3 57.5 104.7 74.9 67.6 104.7 104.7 104.7 104.7 

58.5 59.3 64.8 61.2 60.6 64.8 64.8 64.8 64.8 
57.4 58.7 71.9 58.4 55.1 71.9 71.9 71.9 71.9 
58.0 59.0 69.0 61.0 63.0 69.0 69.0 69.0 69.0 
52.0 56.0 68.0 57.0 51.0 68.0 68.0 68.0 68.0 
56.0 57.0 80.0 59.0 64.0 80.0 80.0 80.0 80.0 
60.0 60.0 95.0 65.0 70.0 95.0 95.0 95.0 95.0 
57.0 55.0 101.0 65.0 77.0 101.0 101.0 101.0 101.0 
59.0 57.0 107.0 63.0 76.0 107.0 107.0 107.0 107.0 
58.0 57.0 113.0 72.0 69.0 113.0 113.0 113.0 113.0 
59.0 60.0 115.0 73.0 73.0 115.0 115.0 115.0 115.0 

41.0 60.0 71.0 60.0 56.0 71.0 71.0 71.0 71.0 
45.0 50.0 74.0 51.0 63.0 73.0 72.0 71.0 74.0 
46.0 62.0 101.0 60.0 78.0 101.0 103.0 104.0 101.0 
41.0 57.0 109.0 67.0 76.0 110.0 110.0 108.0 111.0 
46.0 55.0 113.0 82.0 71.0 112.0 113.0 112.0 113.0 
40.0 52.0 122.0 81.0 67.0 120.0 119.0 119.0 120.0 
44.0 54.0 119.0 72.0 75.0 116.0 115.0 114.0 114.0 
39.0 51.0 134.0 72.0 79.0 129.0 132.0 131.0 131.0 

33.0 55.0 64.0 57.0 53.0 64.0 65.0 65.0 64.0 
24.0 55.0 86.0 61.0 61.0 86.0 87.0 87.0 86.0 
34.0 54.0 92.0 67.0 67.0 94.0 96.0 93.0 96.0 
32.0 57.0 104.0 75.0 70.0 105.0 103.0 106.0 105.0 
33.0 58.0 115.0 73.0 75.0 113.0 115.0 115.0 114.0 
33.0 52.0 109.0 82.0 73.0 109.0 105.0 111.0 104.0 
32.0 66.0 129.0 74.0 85.0 128.0 130.0 130.0 126.0 
31.0 55.0 136.0 73.0 89.0 137.0 136.0 136.0 137.0 

31.0 56.0 135.0 70.0 98.0 133.0 134.0 134.0 132.0 
31.0 56.0 136.0 72.0 100.0 134.0 135.0 136.0 134.0 
30.0 58.0 140.0 72.0 108.0 138.0 145.0 145.0 135.0 
36.0 62.0 149.0 69.0 114.0 148.0 149.0 148.0 147.0 
28.0 54.0 144.0 72.0 97.0 140.0 142.0 140.0 140.0 
28.0 54.0 138.0 78.0 101.0 139.0 134.0 127.0 136.0 
37.0 59.0 147.0 87.0 93.0 147.0 144.0 148.0 140.0 

35.0 60.0 73.0 69.0 53.0 73.0 73.0 73.0 73.0 73.0 73.0 
30.0 59.0 85.0 69.0 56.0 86.0 84.0 84.0 86.0 84.0 86.0 
30.0 58.0 96.0 73.0 67.0 95.0 97.0 93.0 97.0 97.0 95.0 
30.0 55.0 99.0 71.0 69.0 99.0 101.0 98.0 102.0 100.0 98.0 
38.0 60.0 117.0 74.0 79.0 119.0 119.0 118.0 117.0 118.0 118.0 
32.0 54.0 122.0 79.0 77.0 120.0 121.0 118.0 122.0 118.0 123.0 
29.0 64.0 130.0 87.0 79.0 129.0 128.0 128.0 128.0 128.0 128.0 
39.0 55.0 131.0 94.0 76.0 131.0 131.0 132.0 131.0 132.0 131.0 
32.0 57.0 137.0 96.0 75.0 137.0 138.0 136.0 136.0 137.0 137.0 
33.0 58.0 137.0 98.0 77.0 137.0 136.0 136.0 136.0 137.0 138.0 
32.0 56.0 141.0 101.0 74.0 140.0 140.0 138.0 139.0 140.0 139.0 
37.0 60.0 150.0 104.0 81.0 151.0 152.0 152.0 150.0 152.0 151.0 

31.0 56.4 68.4 53.8 56.8 68.2 68.4 68.2 68.2 68.4 68.4 
30.0 56.4 82.8 59.8 66.4 82.0 84.0 84.4 81.4 83.8 82.2 
34.0 58.8 95.8 60.4 77.6 95.4 96.4 96.6 94.4 97.2 95.0 
33.2 57.0 106.0 66.0 84.2 107.0 105.6 106.8 105.0 106.4 106.2 
31.0 56.4 114.8 67.8 85.2 114.4 113.4 114.6 112.0 113.4 114.4 
35.8 59.0 123.4 75.6 80.8 123.6 122.2 122.8 121.6 122.2 122.4 
30.8 56.6 125.8 78.4 78.6 125.0 125.4 124.4 125.6 125.6 124.4 
34.0 59.4 133.0 83.6 77.8 131.6 133.0 131.6 131.2 132.0 131.4 
33.4 57.6 136.0 87.2 78.0 136.0 135.8 133.2 135.8 135.8 134.8 
33.0 55.6 138.0 87.8 77.8 139.2 137.6 134.8 139.0 138.2 136.2 
34.6 55.2 143.0 103.0 75.4 143.0 143.6 141.6 143.8 144.0 142.6 
33.0 57.6 146.4 100.8 78.2 146.4 144.6 146.0 144.6 145.6 145.6 

10.0 10.0 10.0 10.0 10.0 10.0 10.0 10.0 10.0 10.0 10.0 
19.6 20.0 20.0 20.0 20.0 20.0 20.0 20.0 20.0 20.0 20.0 
26.8 29.0 29.4 29.0 28.8 29.4 29.4 29.4 29.4 29.4 29.4 
33.0 39.4 39.6 39.2 39.4 39.6 39.6 39.6 39.6 39.6 39.6 
32.6 39.8 42.8 39.2 40.8 42.8 42.8 42.8 42.8 42.8 42.8 
34.0 49.0 51.8 48.4 46.8 51.8 51.8 51.8 51.8 51.8 51.8 
33.8 53.6 59.2 53.8 54.4 59.2 59.2 59.2 59.2 59.2 59.2 
31.8 52.8 59.8 53.2 52.0 59.6 59.8 59.8 59.6 59.8 59.4 
33.6 58.0 67.2 59.0 54.8 67.2 67.2 67.2 67.0 67.0 67.2 
31.6 55.6 64.6 56.2 53.8 65.0 64.8 64.8 65.0 64.6 64.6 
34.2 57.0 69.0 55.6 54.8 68.8 69.2 69.0 68.8 69.2 68.6 
36.6 59.4 72.8 57.8 56.8 72.6 72.4 72.4 72.6 72.2 72.2 

10.0 10.0 10.0 10.0 10.0 10.0 10.0 10.0 10.0 10.0 10.0 
20.0 20.0 20.0 20.0 20.0 20.0 20.0 20.0 20.0 20.0 20.0 
30.0 30.0 30.0 30.0 30.0 30.0 30.0 30.0 30.0 30.0 30.0 
10.0 10.0 10.0 10.0 10.0 10.0 10.0 10.0 10.0 10.0 10.0 
20.0 20.0 20.0 20.0 20.0 20.0 20.0 20.0 20.0 20.0 20.0 
30.0 30.0 30.0 30.0 30.0 30.0 30.0 30.0 30.0 30.0 30.0 
10.0 10.0 10.0 10.0 10.0 10.0 10.0 10.0 10.0 10.0 10.0 
20.0 20.0 20.0 20.0 20.0 20.0 20.0 20.0 20.0 20.0 20.0 
27.6 30.0 30.0 30.0 30.0 30.0 30.0 30.0 30.0 30.0 30.0 
31.4 35.4 36.8 35.0 34.8 36.8 36.8 36.8 36.8 36.8 36.8 
29.8 34.8 37.8 33.8 33.2 37.8 39.0 39.0 37.8 39.0 39.2 
30.6 33.0 36.8 32.6 32.0 36.6 37.4 37.2 36.6 36.8 36.8 
28.2 30.6 38.6 31.8 30.6 37.8 38.4 38.4 37.6 38.2 37.8 
29.0 33.2 39.0 33.8 30.8 39.6 39.4 39.8 39.0 39.0 39.4 
28.4 31.4 40.0 33.0 30.8 40.2 39.6 40.2 39.8 39.8 39.8 
30.0 33.0 43.4 35.0 31.8 43.8 43.4 44.0 43.6 43.4 44.0 
31.8 32.2 42.6 33.2 34.2 42.8 42.6 42.6 42.4 42.4 42.6 
28.4 32.6 45.4 35.4 34.0 44.8 45.0 45.6 43.8 45.0 45.0 
nfAv = 90
return 2 if targetAv > 0.9 else 1
av = random.randint(80, 99)/100
10.0 10.0 10.0 10.0 10.0 10.0 10.0 10.0 10.0 10.0 10.0 
20.0 20.0 20.0 20.0 20.0 20.0 20.0 20.0 20.0 20.0 20.0 
28.03 29.98 29.98 29.98 29.98 29.98 29.99 29.99 29.98 29.99 29.98 
29.59 34.73 36.2 33.89 33.82 36.16 36.22 36.2 35.98 35.98 36.14 
29.59 32.06 34.98 31.18 31.89 35.38 35.15 35.1 35.34 35.28 35.11 
29.62 29.08 32.47 28.5 28.55 32.45 32.8 32.77 32.33 32.89 32.53 
29.11 25.86 30.31 24.86 25.17 30.05 30.3 30.31 29.89 30.0 30.46 
29.36 25.37 37.34 26.62 28.64 37.3 37.39 37.38 37.28 37.41 37.27 
29.5 25.25 38.27 29.27 27.15 38.22 38.28 38.28 38.23 38.24 38.23
nfAv = 99.9
return 3 if targetAv == 99.99 else 1

20.95 11.52 22.05 15.69 13.78 22.05 22.05 22.05 22.05 22.05 22.05 
20.82 11.63 22.56 15.41 14.27 22.56 22.56 22.56 22.56 22.56 22.56 

NFavailability = 99.9. 2 pods are onboard if HA(99.99) is required else only 1 pod is onboard

NFavailability = 99.9. 2 pods are onboard if HA(99.99) is required else only 1 pod is onboard
25.5 17.5 31.0 23.5 21.5 31.0 31.0 31.0 31.0 31.0 31.0 31.0 
25.0 17.0 30.0 21.5 20.0 30.0 30.0 30.0 30.0 30.0 30.0 30.0 
27.5 16.0 30.5 20.0 20.0 30.5 30.5 30.5 30.5 30.5 30.5 30.5 

NFavailability = 99.9. 2 pods are onboard if HA(99.99) is required else only 1 pod is onboard
22.6 17.4 30.0 20.4 20.4 30.0 30.0 30.0 30.0 30.0 30.0 30.0 
23.2 16.4 32.0 20.2 23.4 32.0 32.0 32.0 32.0 32.0 32.0 32.0 
24.8 17.2 32.4 22.0 21.2 32.4 32.4 32.4 32.4 32.4 32.4 32.4 

NFavailability = 99.9. 2 pods are onboard if HA(99.99) is required else only 1 pod is onboard
23.8 16.8 26.0 20.0 19.0 26.0 26.0 26.0 26.0 26.0 26.0 26.0 
23.2 17.6 26.6 18.4 18.8 26.6 26.6 26.6 26.6 26.6 26.6 26.6 
27.4 17.6 30.0 20.4 21.2 30.0 30.0 30.0 30.0 30.0 30.0 30.0 
24.4 17.4 29.0 19.0 22.4 29.0 29.0 29.0 29.0 29.0 29.0 29.0 
26.0 17.4 31.8 21.6 21.6 31.8 31.8 31.8 31.8 31.8 31.8 31.8 
24.0 17.0 32.2 21.0 23.2 32.2 32.2 32.2 32.2 32.2 32.2 32.2 

NFavailability = 99.9. 2 pods are onboard if HA(99.99) is required else only 1 pod is onboard
23.0 30.0 51.4 35.8 36.2 52.6 52.4 51.8 52.6 52.4 52.4 53.0 
27.8 31.8 54.0 34.8 38.4 55.0 54.4 53.4 55.2 54.8 55.0 55.4 
24.0 31.2 59.0 36.4 42.0 58.8 59.0 58.8 59.0 59.4 59.2 60.2 

NFavailability = 99.9. 2 pods are onboard if HA(99.99) is required else only 1 pod is onboard
26.0 31.8 55.2 37.8 38.6 54.4 55.2 55.0 54.8 55.6 54.4 55.6 
26.8 31.8 55.8 38.0 37.4 55.4 55.2 54.8 56.0 55.6 55.4 55.6 
24.8 29.2 56.6 39.0 40.0 58.2 57.0 57.0 57.2 56.6 57.8 58.4 

NFavailability = 99.9. 2 pods are onboard if HA(99.99) is required else only 1 pod is onboard
NFavailability = 99.9. 2 pods are onboard if HA(99.99) is required else only 1 pod is onboard

NFavailability = 99.9. 2 pods are onboard if HA(99.99) is required else only 1 pod is onboard
NFavailability = 99.9. 2 pods are onboard if HA(99.99) is required else only 1 pod is onboard
NFavailability = 99.9. 2 pods are onboard if HA(99.99) is required else only 1 pod is onboard

NFavailability = 99.9. 2 pods are onboard if HA(99.99) is required else only 1 pod is onboard

NFavailability = 99.9. 2 pods are onboard if HA(99.99) is required else only 1 pod is onboard

NFavailability = 99.9. 2 pods are onboard if HA(99.99) is required else only 1 pod is onboard
NFavailability = 99.9. 2 pods are onboard if HA(99.99) is required else only 1 pod is onboard
NFavailability = 99.9. 2 pods are onboard if HA(99.99) is required else only 1 pod is onboard
NFavailability = 99.9. 2 pods are onboard if HA(99.99) is required else only 1 pod is onboard
NFavailability = 99.9. 2 pods are onboard if HA(99.99) is required else only 1 pod is onboard
20.0 20.0 20.0 20.0 20.0 
26.0 36.0 34.0 34.0 36.0 

NFavailability = 99.9. 2 pods are onboard if HA(99.99) is required else only 1 pod is onboard
16.0 20.0 20.0 20.0 20.0 
23.0 27.0 28.0 26.0 28.0 

NFavailability = 99.9. 2 pods are onboard if HA(99.99) is required else only 1 pod is onboard
20.0 20.0 20.0 20.0 20.0 
21.0 31.0 31.0 27.0 31.0 

NFavailability = 99.9. 2 pods are onboard if HA(99.99) is required else only 1 pod is onboard
20.0 20.0 20.0 20.0 20.0 
NFavailability = 99.9. 2 pods are onboard if HA(99.99) is required else only 1 pod is onboard
20.0 20.0 20.0 20.0 20.0 
20.0 24.0 29.0 25.0 29.0 

NFavailability = 99.9. 2 pods are onboard if HA(99.99) is required else only 1 pod is onboard

NFavailability = 99.9. 2 pods are onboard if HA(99.99) is required else only 1 pod is onboard
20.0 20.0 20.0 20.0 20.0 
31.0 36.0 33.0 32.0 36.0 

NFavailability = 99.9. 2 pods are onboard if HA(99.99) is required else only 1 pod is onboard
19.6 20.0 20.0 20.0 20.0 
25.4 36.2 35.8 34.8 36.2 

NFavailability = 99.9. 2 pods are onboard if HA(99.99) is required else only 1 pod is onboard
19.66 20.0 20.0 20.0 20.0 
NFavailability = 99.9. 2 pods are onboard if HA(99.99) is required else only 1 pod is onboard

NFavailability = 99.9. 2 pods are onboard if HA(99.99) is required else only 1 pod is onboard
NFavailability = 99.9. 2 pods are onboard if HA(99.99) is required else only 1 pod is onboard
NFavailability = 99.9. 2 pods are onboard if HA(99.99) is required else only 1 pod is onboard
NFavailability = 99.9. 2 pods are onboard if HA(99.99) is required else only 1 pod is onboard
NFavailability = 99.9. 2 pods are onboard if HA(99.99) is required else only 1 pod is onboard

NFavailability = 99.9. 2 pods are onboard if HA(99.99) is required else only 1 pod is onboard

NFavailability = 99.9. 2 pods are onboard if HA(99.99) is required else only 1 pod is onboard
20.0 20.0 20.0 20.0 
40.0 40.0 40.0 40.0 

NFavailability = 99.9. 2 pods are onboard if HA(99.99) is required else only 1 pod is onboard
NFavailability = 99.9. 2 pods are onboard if HA(99.99) is required else only 1 pod is onboard

NFavailability = 99.9. 2 pods are onboard if HA(99.99) is required else only 1 pod is onboard

NFavailability = 99.9. 2 pods are onboard if HA(99.99) is required else only 1 pod is onboard

NFavailability = 99.9. 2 pods are onboard if HA(99.99) is required else only 1 pod is onboard

NFavailability = 99.9. 2 pods are onboard if HA(99.99) is required else only 1 pod is onboard

NFavailability = 99.9. 2 pods are onboard if HA(99.99) is required else only 1 pod is onboard

NFavailability = 99.9. 2 pods are onboard if HA(99.99) is required else only 1 pod is onboard

NFavailability = 99.9. 2 pods are onboard if HA(99.99) is required else only 1 pod is onboard
3.4 3.8 6.8 6.6 
NFavailability = 99.9. 2 pods are onboard if HA(99.99) is required else only 1 pod is onboard
NFavailability = 99.9. 2 pods are onboard if HA(99.99) is required else only 1 pod is onboard
19.49 19.99 19.99 19.99 19.99 
23.07 30.19 30.72 32.22 32.88 
23.06 29.95 30.62 36.44 37.38 
NFavailability = 99.9. 2 pods are onboard if HA(99.99) is required else only 1 pod is onboard
19.22 19.99 19.99 19.99 19.99 
21.65 28.56 29.38 30.97 31.98 
21.55 28.43 29.33 35.14 36.49 
21.84 28.47 29.38 39.17 40.57 
21.87 28.52 29.47 42.16 43.53 
21.69 28.42 29.37 45.22 46.44 
21.69 28.39 29.32 47.7 49.01 
21.75 28.49 29.34 49.65 50.89 
21.95 28.42 29.39 51.71 52.99 
21.89 28.56 29.53 53.67 54.97 
21.71 28.43 29.3 55.03 56.49 
21.86 28.54 29.42 56.56 58.05 
21.7 28.25 29.28 58.21 59.72 
21.9 28.59 29.5 59.73 61.22 
21.71 28.36 29.18 60.96 62.54 
21.64 28.46 29.32 62.13 63.74 
21.78 28.51 29.42 63.07 64.8 
21.85 28.52 29.43 64.52 66.19 
21.85 28.53 29.45 65.34 66.97 
21.82 28.51 29.39 66.2 67.82 
21.93 28.52 29.51 67.05 68.65 
21.78 28.5 29.41 67.9 69.53 
21.75 28.41 29.35 68.3 69.88 
21.96 28.58 29.51 68.71 70.32 
21.83 28.57 29.52 69.77 71.37 
21.96 28.54 29.51 70.24 71.9 
21.82 28.48 29.36 70.44 72.15 
21.96 28.57 29.42 71.32 72.89 
21.65 28.23 29.18 71.68 73.28 
21.77 28.47 29.4 72.24 73.82 

NFavailability = 99.9. 2 pods are onboard if HA(99.99) is required else only 1 pod is onboard
21.8 28.49 29.35 30.92 31.94 
21.7 28.4 29.31 38.97 40.25 
21.8 28.46 29.38 45.01 46.32 
21.76 28.55 29.49 49.7 50.95 
21.71 28.55 29.49 53.56 54.95 
21.91 28.65 29.49 56.86 58.31 
21.72 28.66 29.55 59.69 61.17 
21.73 28.35 29.34 62.03 63.65 
21.84 28.54 29.46 64.49 66.03 
21.7 28.42 29.3 66.33 67.95 
21.91 28.71 29.6 67.4 69.04 
21.82 28.62 29.46 69.13 70.8 
21.69 28.51 29.46 70.41 72.02 
21.84 28.51 29.5 71.2 72.88 
21.66 28.43 29.33 72.27 73.82 
21.93 28.55 29.48 72.97 74.57 
21.8 28.55 29.47 74.02 75.55 
21.85 28.52 29.44 74.66 76.33 
21.72 28.49 29.39 75.59 77.15 
21.79 28.56 29.51 76.07 77.75 

NFavailability = 99.9. 2 pods are onboard if HA(99.99) is required else only 1 pod is onboard
11.71 15.48 15.9 16.28 16.74 
11.82 15.21 15.95 19.86 20.91 
11.73 15.25 15.99 23.13 24.21 
11.75 15.21 15.9 25.48 26.61 
11.75 15.14 15.85 27.42 28.59 
11.83 15.3 15.97 29.45 30.57 
11.86 15.21 15.89 30.81 32.12 
11.86 15.24 15.98 31.91 33.33 
11.77 15.24 15.92 33.27 34.78 
11.87 15.22 15.96 34.27 35.77 
11.87 15.3 16.06 35.31 36.75 
11.77 15.1 15.86 36.04 37.43 
11.84 15.14 15.84 36.6 38.05 
11.85 15.31 16.05 36.97 38.48 
11.74 15.31 16.04 37.86 39.35 
11.84 15.15 15.95 38.34 39.71 
11.91 15.27 16.0 38.85 40.37 
11.83 15.21 15.92 39.14 40.67 
11.85 15.34 16.1 39.58 41.07 
11.84 15.23 15.89 39.9 41.39 
11.85 15.26 15.97 40.18 41.76 
11.87 15.26 15.96 40.67 42.29 
11.77 15.2 15.92 40.98 42.67 
11.72 15.12 15.85 41.13 42.73 
11.93 15.26 15.93 41.22 42.87 

NFavailability = 99.9. 2 pods are onboard if HA(99.99) is required else only 1 pod is onboard
11.93 15.66 16.09 16.41 16.84 
11.87 15.23 15.97 20.0 21.05 
11.9 15.3 15.99 23.16 24.24 
11.65 15.29 15.99 25.39 26.47 
11.8 15.2 15.94 27.43 28.56 
11.77 15.2 15.93 29.13 30.39 
11.81 15.18 15.96 30.77 32.07 
11.88 15.15 15.89 32.0 33.39 
11.78 15.21 15.93 33.31 34.73 
11.88 15.16 15.95 34.3 35.74 
11.76 15.24 15.91 35.12 36.63 
11.76 15.11 15.88 36.1 37.55 
11.79 15.29 15.99 36.58 38.07 
11.84 15.21 15.96 37.3 38.73 
11.87 15.25 15.98 37.72 39.26 
11.92 15.14 15.87 38.49 39.94 
11.89 15.31 16.01 38.62 40.06 
11.71 15.17 15.86 38.92 40.48 
11.82 15.17 15.94 39.62 41.13 
11.79 15.17 15.93 39.86 41.4 
11.82 15.1 15.87 40.3 41.81 
11.82 15.28 16.03 40.59 42.17 
11.9 15.27 16.01 41.09 42.67 
11.74 15.14 15.84 41.01 42.68 
11.83 15.25 15.92 41.45 43.16 

NFavailability = 99.9. 2 pods are onboard if HA(99.99) is required else only 1 pod is onboard
11.7 14.01 15.5 15.88 16.36 16.8 
11.76 18.2 15.19 15.87 19.82 20.95 
11.88 20.91 15.23 15.96 23.23 24.25 
11.75 22.71 15.18 15.85 25.36 26.41 
11.72 24.5 15.1 15.88 27.53 28.66 
11.9 25.9 15.3 16.05 29.19 30.4 
11.83 26.98 15.19 15.96 30.66 31.99 
11.72 28.02 15.09 15.8 31.95 33.34 
11.76 28.93 15.11 15.79 33.25 34.67 
11.88 29.4 15.18 15.91 34.2 35.66 
11.85 30.04 15.2 15.87 35.25 36.71 
NFavailability = 99.9. 2 pods are onboard if HA(99.99) is required else only 1 pod is onboard
11.74 14.06 15.51 15.94 16.33 16.82 
11.77 18.25 15.3 16.03 20.05 21.17 
11.82 20.84 15.11 15.82 22.86 23.98 
11.71 22.9 15.17 15.84 25.52 26.59 
NFavailability = 99.9. 2 pods are onboard if HA(99.99) is required else only 1 pod is onboard
11.81 14.05 15.59 16.02 16.42 16.86 
11.84 18.06 15.17 15.93 19.88 21.0 
11.81 20.73 15.15 15.85 22.83 24.02 
11.8 22.87 15.19 15.93 25.42 26.52 
11.83 24.61 15.22 15.9 27.48 28.59 
NFavailability = 99.9. 2 pods are onboard if HA(99.99) is required else only 1 pod is onboard
NFavailability = 99.9. 2 pods are onboard if HA(99.99) is required else only 1 pod is onboard
11.77 18.2 15.13 15.95 19.95 21.12 
11.61 22.93 15.11 15.83 25.7 26.93 
11.66 25.69 15.16 16.0 29.02 30.18 
12.15 28.56 15.27 15.96 32.81 34.12 
11.94 29.57 15.39 16.13 34.4 35.79 
NFavailability = 99.9. 2 pods are onboard if HA(99.99) is required else only 1 pod is onboard
NFavailability = 99.9. 2 pods are onboard if HA(99.99) is required else only 1 pod is onboard
11.94 18.16 15.45 16.11 19.92 21.2 
11.78 22.62 14.97 15.73 25.25 26.39 
11.91 25.94 15.39 16.06 29.52 30.62 
11.92 28.03 15.33 16.03 32.12 33.45 
12.04 29.39 15.31 16.01 34.43 35.77 
NFavailability = 99.9. 2 pods are onboard if HA(99.99) is required else only 1 pod is onboard
NFavailability = 99.9. 2 pods are onboard if HA(99.99) is required else only 1 pod is onboard
NFavailability = 99.9. 2 pods are onboard if HA(99.99) is required else only 1 pod is onboard
NFavailability = 99.9. 2 pods are onboard if HA(99.99) is required else only 1 pod is onboard
11.53 18.18 12.95 11.94 17.53 16.65 
10.77 22.46 12.8 11.47 22.95 21.97 
10.94 25.9 12.85 11.52 27.06 26.02 
10.89 28.29 12.55 11.52 30.21 29.55 
11.11 29.57 12.79 11.37 32.27 31.81 
11.02 30.07 12.81 11.61 33.66 33.39 
11.1 31.47 12.92 11.65 35.88 35.91 
11.48 32.1 13.05 11.87 36.73 36.73 
NFavailability = 99.9. 2 pods are onboard if HA(99.99) is required else only 1 pod is onboard
11.26 12.88 11.56 13.13 13.28 11.84 11.26 12.88 11.55 13.13 13.27 11.83 
NFavailability = 99.9. 2 pods are onboard if HA(99.99) is required else only 1 pod is onboard
11.11 12.73 11.4 13.01 13.27 11.79 11.11 12.73 11.39 13.01 13.27 11.78 
NFavailability = 99.9. 2 pods are onboard if HA(99.99) is required else only 1 pod is onboard
20240525-160703 NFavailability = 99.9. 2 pods are onboard if HA(99.99) is required else only 1 pod is onboard
11.03 12.69 11.42 13.1 13.19 11.79 11.03 12.68 11.41 13.1 13.19 11.78 
20240525-161037 NFavailability = 99.9. 2 pods are onboard if HA(99.99) is required else only 1 pod is onboard
20240525-161147 NFavailability = 99.9. 2 pods are onboard if HA(99.99) is required else only 1 pod is onboard
20240525-161407 NFavailability = 99.9. 2 pods are onboard if HA(99.99) is required else only 1 pod is onboard
11.84 15.58 16.0 14.07 16.39 16.87 11.14 12.81 11.46 13.14 13.23 11.82 
11.94 15.3 16.02 18.18 19.88 20.99 11.32 13.03 11.78 17.71 17.61 16.46 
11.74 15.06 15.72 20.7 22.9 23.98 11.02 12.84 11.58 20.43 20.82 19.73 
11.7 15.24 15.89 22.89 25.55 26.61 11.12 12.98 11.67 22.7 23.52 22.51 
11.73 15.23 15.93 24.63 27.65 28.76 11.07 12.83 11.79 24.48 25.52 24.73 
11.71 15.27 15.99 25.93 29.14 30.34 11.06 12.81 11.65 25.79 27.08 26.17 
11.93 15.23 16.02 27.13 30.96 32.19 11.29 12.97 11.7 27.01 28.83 28.07 
11.69 15.27 15.92 27.84 32.06 33.44 11.02 12.9 11.7 27.71 29.95 29.2 
11.74 15.25 15.89 28.8 33.29 34.67 11.06 12.96 11.79 28.68 31.3 30.72 
11.78 15.3 15.96 29.71 34.45 35.85 11.19 12.93 11.72 29.58 32.45 31.95 
11.8 15.12 15.85 30.18 35.22 36.72 11.19 12.82 11.66 30.03 33.24 32.88 
11.96 15.26 15.99 30.68 36.02 37.45 11.34 12.88 11.71 30.56 34.22 33.88 
11.89 15.11 15.84 31.17 36.73 38.2 11.22 12.76 11.56 31.06 35.06 34.91 
11.73 15.09 15.82 31.52 37.21 38.64 11.15 12.86 11.63 31.39 35.48 35.38 
11.73 15.14 15.85 31.96 37.88 39.31 11.03 12.8 11.59 31.87 36.3 36.29 
11.93 15.27 16.01 32.31 38.15 39.71 11.25 12.88 11.82 32.18 36.55 36.72 
11.9 15.15 15.84 32.73 38.89 40.33 11.3 12.89 11.68 32.62 37.37 37.53 
11.92 15.18 15.95 32.87 39.13 40.63 11.27 12.89 11.66 32.76 37.68 37.86 
11.83 15.21 15.9 33.31 39.69 41.2 11.22 12.91 11.82 33.18 38.29 38.56 
11.85 15.29 15.94 33.56 39.91 41.52 11.17 12.94 11.79 33.45 38.51 38.98 
11.74 15.19 15.95 33.7 40.29 41.8 11.08 12.82 11.61 33.57 38.96 39.34 
11.67 15.08 15.74 33.93 40.41 41.98 11.0 12.72 11.53 33.8 39.06 39.61 
11.71 15.21 15.88 34.07 40.94 42.54 11.08 12.83 11.61 33.94 39.59 40.22 
11.85 15.18 15.86 34.2 41.0 42.66 11.18 12.81 11.75 34.06 39.7 40.34 
11.8 15.23 15.97 34.13 41.26 43.0 11.14 12.82 11.7 34.0 40.0 40.66 

20240525-200216 NFavailability = 99.9. 2 pods are onboard if HA(99.99) is required else only 1 pod is onboard
11.86 15.53 15.94 14.11 16.35 16.83 11.85 15.18 15.12 14.11 15.91 15.9 
11.66 15.08 15.79 18.2 19.83 20.95 11.66 14.7 14.87 18.2 19.69 20.5 
11.75 15.16 15.82 20.92 23.08 24.2 11.74 14.82 15.06 20.92 22.97 23.92 
11.87 15.24 15.93 22.88 25.38 26.48 11.87 14.87 15.06 22.88 25.32 26.27 
11.8 15.13 15.85 24.64 27.53 28.69 11.8 14.78 15.01 24.64 27.45 28.57 
11.72 15.13 15.82 25.83 29.13 30.36 11.71 14.74 14.95 25.83 29.08 30.24 
11.86 15.12 15.84 26.92 30.47 31.72 11.85 14.79 15.04 26.92 30.46 31.66 
11.89 15.27 16.01 28.03 32.12 33.45 11.88 14.94 15.15 28.03 32.1 33.41 
11.78 15.15 15.84 28.86 33.3 34.76 11.78 14.78 14.95 28.86 33.28 34.72 
11.82 15.1 15.81 29.45 34.4 35.84 11.82 14.72 14.96 29.45 34.39 35.81 
11.84 15.2 15.97 30.12 35.06 36.55 11.84 14.87 15.1 30.12 35.05 36.55 
11.79 15.26 15.91 30.55 35.9 37.38 11.78 14.93 15.14 30.55 35.89 37.38 
11.7 15.04 15.8 31.01 36.7 38.14 11.7 14.67 14.91 31.01 36.69 38.13 
11.86 15.29 15.92 31.56 37.11 38.66 11.86 14.95 15.11 31.56 37.11 38.65 
11.69 15.08 15.8 31.94 37.72 39.24 11.68 14.77 15.0 31.94 37.72 39.24 
11.93 15.23 15.95 32.3 38.34 39.75 11.93 14.88 15.09 32.3 38.34 39.75 
11.72 15.18 15.88 32.75 38.7 40.23 11.72 14.86 15.0 32.75 38.7 40.23 
11.81 15.23 15.91 33.03 39.21 40.63 11.8 14.89 15.02 33.03 39.21 40.63 
11.85 15.24 15.96 33.23 39.44 40.95 11.84 14.88 15.14 33.23 39.44 40.95 
11.75 15.19 15.93 33.59 39.74 41.33 11.74 14.86 15.07 33.59 39.74 41.33 
11.82 15.21 15.91 33.71 40.13 41.64 11.81 14.88 15.03 33.71 40.13 41.64 
11.79 15.16 15.89 33.86 40.46 42.1 11.79 14.8 15.04 33.86 40.46 42.1 
11.8 15.19 15.89 34.05 40.79 42.38 11.8 14.85 15.08 34.05 40.79 42.38 
11.96 15.27 16.02 34.28 41.05 42.74 11.96 14.92 15.15 34.28 41.05 42.74 
11.79 15.14 15.8 34.23 41.27 43.0 11.79 14.81 14.96 34.23 41.27 43.0 

20240528-190540 NodeDelay: 5 NFavailability: 99.9. 2 pods if HA(99.99) else only 1 pod is onboard
11.73 15.59 15.96 13.98 16.4 16.82 11.59 14.26 13.69 13.82 14.87 14.2 
11.89 15.22 16.0 18.19 19.95 21.09 11.71 14.1 13.73 18.15 19.12 19.21 
11.85 15.19 15.87 20.91 23.01 24.07 11.67 14.03 13.65 20.89 22.38 22.55 
11.79 15.26 15.97 22.95 25.46 26.6 11.64 14.14 13.72 22.95 24.87 25.25 
11.85 15.14 15.94 24.41 27.24 28.48 11.72 14.02 13.58 24.41 26.79 27.25 
11.86 15.13 15.86 25.89 29.21 30.39 11.68 14.04 13.51 25.89 28.76 29.3 
11.9 15.14 15.93 27.17 30.87 32.13 11.75 14.1 13.7 27.17 30.46 31.17 
11.98 15.15 15.9 27.98 32.22 33.56 11.81 14.04 13.67 27.98 31.83 32.65 
11.85 15.16 15.89 28.91 33.22 34.63 11.67 14.06 13.57 28.91 32.92 33.91 
11.77 15.18 15.82 29.6 34.31 35.79 11.63 14.11 13.65 29.6 34.07 35.2 
11.81 15.11 15.85 29.97 35.06 36.55 11.64 13.98 13.56 29.97 34.8 35.97 
11.93 15.21 15.94 30.54 35.94 37.5 11.79 14.06 13.54 30.54 35.76 36.99 
11.8 15.19 15.88 31.18 36.68 38.12 11.67 14.07 13.66 31.18 36.53 37.69 
11.77 15.16 15.95 31.56 37.27 38.74 11.63 14.05 13.59 31.56 37.09 38.39 
11.77 15.19 15.86 31.96 37.89 39.35 11.63 14.01 13.54 31.96 37.72 39.03 
11.8 15.21 15.95 32.38 38.37 39.85 11.64 14.12 13.64 32.38 38.23 39.59 
11.91 15.19 15.85 32.76 38.79 40.3 11.73 14.05 13.57 32.76 38.69 40.06 
11.82 15.22 15.93 32.97 39.06 40.56 11.64 14.08 13.61 32.97 38.97 40.35 
11.82 15.15 15.82 33.21 39.34 40.85 11.69 14.04 13.56 33.21 39.26 40.67 
11.84 15.12 15.88 33.5 39.73 41.3 11.65 14.02 13.52 33.5 39.68 41.14 
11.71 15.09 15.81 33.77 40.17 41.72 11.52 13.93 13.46 33.77 40.11 41.58 
11.78 15.12 15.9 33.84 40.45 42.08 11.61 14.01 13.58 33.84 40.39 41.95 
11.93 15.2 15.94 34.04 40.93 42.57 11.76 14.13 13.64 34.04 40.87 42.49 
11.67 15.07 15.83 34.24 41.31 42.96 11.52 13.91 13.52 34.24 41.28 42.9 
11.76 15.17 15.82 34.17 41.5 43.13 11.61 14.01 13.54 34.17 41.47 43.07 

20240530-065512 NodeDelay: 5 NFavailability: 99.9. 2 pods if HA(99.99) else only 1 pod is onboard
11.72 15.56 15.56 14.04 16.41 16.41 11.58 14.32 14.32 13.89 14.83 14.83 
11.84 15.12 15.12 18.22 19.93 19.93 11.66 14.09 14.09 18.18 19.11 19.11 
11.7 15.22 15.22 20.78 22.91 22.91 11.56 14.1 14.1 20.77 22.25 22.25 
11.82 15.15 15.15 22.95 25.4 25.4 11.66 13.98 13.98 22.95 24.81 24.81 
11.84 15.16 15.16 24.55 27.47 27.47 11.67 14.05 14.05 24.54 26.93 26.93 
11.77 15.16 15.16 26.07 29.22 29.22 11.6 13.98 13.98 26.07 28.78 28.78 
11.79 15.17 15.17 27.0 30.6 30.6 11.62 14.01 14.01 27.0 30.18 30.18 
11.75 15.12 15.12 28.04 32.15 32.15 11.56 13.93 13.93 28.04 31.76 31.76 
11.82 15.05 15.05 28.84 33.28 33.28 11.62 14.03 14.03 28.84 32.94 32.94 
20240530-073120 NodeDelay: 5 NFavailability: 99.9. 2 pods if HA(99.99) else only 1 pod is onboard
20240530-085601 NodeDelay: 5 NFavailability: 99.9. 2 pods if HA(99.99) else only 1 pod is onboard

20240530-085653 NodeDelay: 5 NFavailability: 99.9. 2 pods if HA(99.99) else only 1 pod is onboard

20240530-085721 NodeDelay: 5 NFavailability: 99.9. 2 pods if HA(99.99) else only 1 pod is onboard
20240530-091043 NodeDelay: 5 NFavailability: 99.9. 2 pods if HA(99.99) else only 1 pod is onboard
20240530-091857 NodeDelay: 5 NFavailability: 99.9. 2 pods if HA(99.99) else only 1 pod is onboard
20240530-092206 NodeDelay: 5 NFavailability: 99.9. 2 pods if HA(99.99) else only 1 pod is onboard
20240530-092215 NodeDelay: 5 NFavailability: 99.9. 2 pods if HA(99.99) else only 1 pod is onboard
20240530-092255 NodeDelay: 5 NFavailability: 99.9. 2 pods if HA(99.99) else only 1 pod is onboard
11.85 15.59 15.97 14.01 16.42 16.83 0.0 0.0 0.0 0.0 0.0 0.0 
11.77 15.06 15.85 18.12 19.83 20.94 0.0 0.0 0.0 0.0 0.0 0.0 
20240530-092344 NodeDelay: 5 NFavailability: 99.9. 2 pods if HA(99.99) else only 1 pod is onboard
20240530-092637 NodeDelay: 5 NFavailability: 99.9. 2 pods if HA(99.99) else only 1 pod is onboard
11.92 15.59 15.97 13.99 16.43 16.83 11.71 13.44 13.83 13.82 13.84 14.46 
11.69 15.08 15.82 18.16 19.73 20.87 11.55 13.43 13.66 17.95 19.33 19.11 
11.81 15.22 15.9 20.94 23.14 24.2 11.6 13.6 13.72 20.63 23.18 22.82 
11.85 15.22 15.96 22.87 25.44 26.5 11.65 13.67 13.74 22.51 25.61 25.36 
11.75 15.24 15.96 24.51 27.45 28.54 11.57 13.68 13.85 24.13 27.71 27.48 
11.88 15.35 16.02 25.95 29.29 30.45 11.66 13.77 13.92 25.49 29.61 29.58 
11.77 15.12 15.84 27.07 30.72 32.04 11.56 13.51 13.7 26.55 31.13 31.18 
11.77 15.07 15.76 28.05 32.13 33.41 11.59 13.52 13.6 27.51 32.45 32.77 
11.88 15.28 16.0 28.82 33.23 34.73 11.65 13.72 13.81 28.22 33.59 34.13 
11.76 15.06 15.77 29.67 34.32 35.76 11.53 13.51 13.58 29.11 34.5 35.26 
11.76 15.16 15.87 30.07 35.13 36.55 11.55 13.6 13.74 29.41 35.17 36.09 
11.73 15.18 15.91 30.69 35.88 37.33 11.58 13.61 13.77 29.97 35.83 37.02 
11.76 15.19 15.94 31.06 36.49 38.02 11.52 13.61 13.77 30.4 36.44 37.69 
11.8 15.2 15.92 31.63 37.18 38.66 11.6 13.64 13.78 30.93 37.1 38.43 
11.73 15.17 15.84 31.82 37.7 39.22 11.6 13.52 13.74 31.11 37.43 38.95 
11.76 15.23 15.91 32.41 38.26 39.71 11.57 13.59 13.74 31.7 38.03 39.47 
11.85 15.21 15.87 32.73 38.74 40.2 11.63 13.64 13.81 32.02 38.56 40.01 
11.78 15.13 15.87 32.77 39.09 40.54 11.6 13.6 13.72 32.06 38.73 40.35 
11.6 15.1 15.79 33.27 39.39 40.93 11.38 13.59 13.66 32.5 39.06 40.77 
11.85 15.19 15.9 33.56 39.78 41.34 11.68 13.56 13.77 32.84 39.39 41.22 
11.87 15.23 15.97 33.74 40.14 41.63 11.7 13.66 13.85 32.96 39.8 41.54 
11.73 15.12 15.82 33.74 40.41 42.05 11.54 13.51 13.69 32.9 40.05 41.96 
11.79 15.24 15.97 34.13 40.99 42.59 11.58 13.59 13.83 33.25 40.62 42.51 
11.79 15.09 15.81 34.13 41.2 42.8 11.59 13.52 13.58 33.2 40.85 42.74 
11.73 15.1 15.82 34.17 41.45 43.14 11.51 13.54 13.73 33.2 41.19 43.09 

20240530-100902 NodeDelay: 10 NFavailability: 99.9. 2 pods if HA(99.99) else only 1 pod is onboard
11.88 15.6 16.0 14.07 16.44 16.9 11.3 11.42 11.9 13.31 11.76 12.48 
11.87 15.14 15.86 18.14 19.91 21.01 11.38 11.53 11.97 17.65 16.43 16.74 
11.82 15.23 15.88 20.98 23.01 24.11 11.21 11.69 12.11 20.52 20.14 20.21 
11.88 15.15 15.85 22.93 25.29 26.43 11.32 11.62 12.05 22.44 22.76 22.77 
11.68 15.08 15.77 24.48 27.6 28.71 11.13 11.57 11.92 23.95 24.82 24.83 
11.85 15.21 15.87 25.94 29.25 30.39 11.22 11.68 12.01 25.41 26.56 26.68 
11.85 15.21 15.92 27.1 30.79 32.07 11.29 11.56 12.0 26.57 27.97 28.32 
11.81 15.23 15.96 28.02 32.19 33.52 11.24 11.73 12.12 27.44 28.94 29.73 
11.79 15.12 15.84 28.85 33.23 34.73 11.28 11.74 12.01 28.17 29.88 30.88 
11.86 15.19 15.91 29.43 34.2 35.69 11.32 11.69 12.09 28.85 30.6 32.12 
11.87 15.19 15.88 30.16 35.2 36.69 11.23 11.73 12.09 29.49 31.42 33.3 
11.91 15.19 15.92 30.61 36.06 37.57 11.33 11.72 12.07 29.92 32.31 34.3 
11.8 15.12 15.84 31.16 36.66 38.14 11.27 11.52 11.99 30.42 33.0 35.08 
11.77 15.13 15.81 31.63 37.28 38.78 11.11 11.59 11.98 30.87 33.38 35.84 
11.91 15.28 15.97 31.92 37.8 39.31 11.31 11.79 12.2 31.14 33.95 36.52 
11.76 15.17 15.91 32.53 38.31 39.79 11.15 11.73 11.99 31.78 34.37 37.25 
11.75 15.1 15.79 32.65 38.66 40.07 11.22 11.71 11.96 31.98 34.76 37.64 
11.76 15.28 15.93 33.13 39.15 40.59 11.2 11.68 12.04 32.46 35.35 38.27 
11.83 15.12 15.81 33.29 39.49 41.03 11.17 11.56 12.1 32.55 35.76 38.7 
11.9 15.23 15.96 33.66 39.95 41.48 11.27 11.77 12.06 32.85 36.2 39.23 
11.82 15.22 15.93 33.8 40.23 41.79 11.21 11.6 12.02 33.01 36.52 39.65 
11.85 15.19 15.88 33.88 40.38 41.89 11.29 11.5 12.07 33.01 36.59 39.81 
11.82 15.16 15.87 33.98 40.7 42.37 11.24 11.7 12.12 33.09 37.33 40.37 
11.9 15.22 15.88 34.12 41.2 42.86 11.34 11.74 12.11 33.22 37.6 40.82 
11.89 15.24 15.93 34.1 41.36 43.04 11.36 11.73 12.01 33.13 37.89 41.05 

20240602-212508 NodeDelay: 10 NFavailability: 99.9. 2 pods if HA(99.99) else only 1 pod is onboard

20240602-213106 NodeDelay: 10 NFavailability: 99.9. 2 pods if HA(99.99) else only 1 pod is onboard

20240602-213144 NodeDelay: 10 NFavailability: 99.9. 2 pods if HA(99.99) else only 1 pod is onboard

20240602-213353 NodeDelay: 10 NFavailability: 99.9. 2 pods if HA(99.99) else only 1 pod is onboard
20240602-214010 NodeDelay: 10 NFavailability: 99.9. 2 pods if HA(99.99) else only 1 pod is onboard
11.7 15.5 15.91 14.04 16.37 16.8 11.16 11.34 11.98 13.27 11.8 12.51 
11.87 15.26 15.94 18.17 19.84 20.93 11.28 11.75 12.12 17.66 16.45 16.84 
20240602-214502 NodeDelay: 10 NFavailability: 99.9. 2 pods if HA(99.99) else only 1 pod is onboard
11.8 15.5 15.96 13.92 16.3 16.75 11.21 11.46 11.97 13.19 11.68 12.32 
11.87 15.21 15.92 18.2 19.97 21.03 11.26 11.77 12.08 17.68 16.51 16.97 
11.78 15.27 15.97 20.84 23.11 24.16 11.24 11.71 12.11 20.36 20.2 20.27 
11.73 15.21 15.87 23.03 25.57 26.66 11.14 11.7 12.04 22.53 23.07 23.02 
11.81 15.24 15.88 24.52 27.6 28.7 11.24 11.64 12.07 24.02 25.02 25.04 
11.75 15.2 15.94 25.89 29.28 30.53 11.2 11.65 11.99 25.32 26.55 26.77 
11.84 15.2 15.95 27.08 30.72 32.05 11.27 11.75 12.05 26.52 27.72 28.19 
11.76 15.12 15.81 27.96 31.94 33.39 11.21 11.68 12.08 27.39 28.86 29.67 
11.93 15.26 15.97 28.95 33.47 34.87 11.3 11.75 12.08 28.38 29.89 31.11 
11.84 15.22 15.94 29.48 34.28 35.73 11.23 11.81 12.04 28.79 30.72 32.18 
11.65 15.19 15.87 29.98 35.15 36.62 11.14 11.64 12.02 29.27 31.44 33.18 
11.82 15.18 15.89 30.63 36.03 37.45 11.23 11.62 12.03 29.92 32.2 34.2 
11.72 15.06 15.74 31.04 36.58 38.0 11.11 11.54 12.08 30.34 32.81 34.88 
11.71 15.23 15.9 31.53 37.25 38.74 11.17 11.78 12.12 30.81 33.38 35.74 
11.81 15.25 15.95 31.98 37.96 39.4 11.31 11.72 12.2 31.25 33.96 36.46 
11.82 15.19 15.86 32.33 38.23 39.73 11.28 11.59 11.96 31.56 34.4 36.96 
11.9 15.25 15.98 32.77 38.78 40.23 11.41 11.81 12.26 32.0 34.9 37.7 
11.71 15.12 15.81 32.98 39.19 40.59 11.18 11.61 12.04 32.24 35.38 38.26 
11.89 15.34 15.95 33.13 39.38 40.88 11.28 11.75 12.19 32.4 35.54 38.59 
11.73 15.28 15.95 33.54 39.93 41.42 11.22 11.81 12.09 32.74 36.22 39.23 
11.8 15.12 15.84 33.7 40.3 41.8 11.3 11.7 12.07 32.92 36.47 39.66 
11.81 15.18 15.9 33.9 40.56 42.1 11.22 11.62 12.1 33.0 36.83 39.98 
11.81 15.23 15.94 34.03 40.95 42.56 11.25 11.77 12.08 33.16 37.37 40.62 
11.88 15.14 15.82 34.16 41.01 42.62 11.31 11.57 12.06 33.3 37.4 40.67 
11.8 15.11 15.81 34.15 41.34 43.03 11.27 11.7 12.06 33.19 37.81 40.99 

20240602-224713 NodeDelay: 5 NFavailability: 99.9. 2 pods if HA(99.99) else only 1 pod is onboard
11.66 15.49 15.9 13.96 16.31 16.76 11.48 13.35 13.67 13.81 13.9 14.35 
11.86 15.18 15.95 18.07 19.93 21.02 11.67 13.64 13.75 17.89 19.44 19.24 
11.73 15.21 15.93 20.93 23.09 24.16 11.56 13.72 13.8 20.6 23.15 22.8 
11.97 15.15 15.95 22.96 25.41 26.57 11.79 13.54 13.74 22.62 25.7 25.35 
11.82 15.14 15.86 24.57 27.46 28.62 11.62 13.57 13.68 24.17 27.79 27.59 
11.75 15.28 15.92 25.9 29.22 30.42 11.59 13.73 13.79 25.39 29.6 29.55 
11.97 15.29 15.98 27.12 30.85 32.08 11.84 13.69 13.85 26.6 31.23 31.26 
11.76 15.17 15.88 28.16 32.27 33.62 11.56 13.65 13.74 27.62 32.67 32.94 
11.74 15.2 15.89 28.82 33.17 34.59 11.48 13.57 13.72 28.25 33.49 33.94 
11.89 15.28 15.99 29.5 34.17 35.65 11.76 13.77 13.94 28.89 34.44 35.09 
11.91 15.23 15.91 30.23 35.27 36.79 11.69 13.6 13.83 29.59 35.49 36.36 
11.77 15.07 15.78 30.64 35.92 37.46 11.6 13.54 13.63 29.95 35.97 37.12 
11.79 15.17 15.9 31.17 36.61 38.1 11.61 13.6 13.72 30.46 36.53 37.79 
11.82 15.17 15.9 31.61 37.13 38.58 11.6 13.63 13.67 30.94 37.02 38.3 
11.82 15.13 15.93 32.03 37.79 39.27 11.64 13.63 13.76 31.35 37.61 39.04 
11.72 15.18 15.88 32.37 38.21 39.69 11.55 13.61 13.79 31.59 38.05 39.5 
11.86 15.23 15.94 32.8 38.8 40.16 11.69 13.54 13.74 32.08 38.54 39.98 
11.94 15.24 16.04 33.01 39.22 40.73 11.78 13.85 13.83 32.3 38.95 40.56 
11.82 15.22 15.96 33.22 39.53 41.01 11.62 13.6 13.77 32.47 39.2 40.85 
11.84 15.23 15.93 33.41 39.83 41.44 11.66 13.68 13.71 32.66 39.48 41.32 
11.83 15.22 15.97 33.71 40.43 41.98 11.64 13.71 13.72 32.89 40.03 41.86 
11.78 15.11 15.87 33.91 40.58 42.17 11.61 13.53 13.79 33.06 40.28 42.1 
11.96 15.17 15.95 34.06 40.64 42.29 11.73 13.66 13.84 33.17 40.27 42.23 
11.9 15.16 15.92 34.16 41.14 42.88 11.73 13.67 13.84 33.26 40.81 42.81 
11.79 15.11 15.84 34.23 41.4 43.06 11.56 13.55 13.66 33.23 41.07 43.01 

