0.0373 0.0294 0.0304 0.0295 0.0291 0.0299 0.0309 0.0307 0.0295 
0.0387 0.0312 0.0301 0.0298 0.0307 0.0302 0.0304 0.0298 1.4868 
0.0418 0.0391 0.0392 0.0389 0.0388 0.0388 0.0387 0.039 0.0388 
0.0332 0.0313 0.2093 0.0318 0.0307 0.0308 0.0306 0.0311 0.0306 
0.0298 0.0271 0.0266 0.0271 0.1142 0.027 0.027 0.0266 0.0268 
0.0193 0.0189 0.0183 0.0178 0.0171 0.0234 0.0218 0.021 0.019 
0.0249 0.0236 0.0234 0.0256 0.0253 0.0247 0.0263 0.03 0.0278 
0.0158 0.0167 0.0165 0.0164 0.0159 0.0166 0.016 0.0167 0.0169 
0.0258 0.0218 0.0201 0.0189 0.0199 0.02 0.0198 0.0193 0.019 
0.0179 0.0172 0.0169 0.0172 0.0176 0.0171 0.0169 0.017 0.0179 
0.0166 0.0173 0.0177 0.0183 0.018 0.0182 0.0185 0.0183 0.0173 

0.0174 0.0175 0.0174 0.0175 0.0175 0.0183 0.022 0.0224 0.0177 
0.0179 0.0176 0.0174 0.0173 0.0173 0.0172 0.0172 0.0173 0.0178 
0.0178 0.0176 0.0181 0.0175 0.0174 0.0176 0.0175 0.0178 0.0175 
0.0183 0.0183 0.0181 0.0182 0.0181 0.019 0.0185 0.0183 0.0182 
0.0173 0.0181 0.0183 0.0181 0.0184 0.0179 0.0178 0.0181 0.018 
0.0347 0.0283 0.028 0.0241 0.0224 0.025 0.0251 0.0243 0.0246 
0.0211 0.0161 0.016 0.0162 0.0166 0.0163 0.0158 0.0171 0.0167 
0.0163 0.0138 0.0136 0.0135 0.0142 0.0136 0.0141 0.0135 0.0139 
0.0144 0.0122 0.0121 0.0121 0.0123 0.0124 0.012 0.0121 0.0121 
0.0107 0.0094 0.0095 0.0095 0.0092 0.0094 0.0099 0.0101 0.0096 
0.0123 0.0112 0.0112 0.0112 0.011 0.0113 0.0114 0.0114 0.0113 
0.0107 0.0097 0.0096 0.0094 0.0093 0.0098 0.0098 0.0098 0.0099 
0.0098 0.009 0.0093 0.0088 0.0085 0.0091 0.0093 0.0095 0.009 

0.0274 0.019 0.0189 0.019 0.019 0.0189 0.0198 0.018 0.019 
0.0214 0.0171 0.0166 0.0175 0.0179 0.0164 0.0175 0.0174 0.017 
0.0183 0.0203 0.0284 0.0143 0.0136 0.0128 0.0127 0.013 0.0129 
0.0141 0.0116 0.0121 0.0124 0.0124 0.0114 0.0115 0.019 0.0125 

0.0267 0.0191 0.0179 0.0189 0.0193 0.0192 0.0188 0.0198 0.0182 
0.0217 0.0162 0.0167 0.0164 0.0177 0.0168 0.0167 0.0171 0.0162 
0.0171 0.0141 0.0129 0.0138 0.0139 0.0133 0.0134 0.0132 0.013 
0.0141 0.0149 0.0114 0.0124 0.0122 0.0114 0.0121 0.0121 0.0113 

0.0273 0.0181 0.0177 0.0178 0.0177 0.0185 0.0185 0.0181 0.0173 
0.0221 0.0166 0.0168 0.0172 0.0171 0.0168 0.0165 0.0168 0.016 
0.0167 0.0141 0.0126 0.0132 0.014 0.0137 0.0134 0.0132 0.013 
0.0151 0.0124 0.0123 0.012 0.0118 0.0115 0.0133 0.0126 0.0115 
0.0134 0.0115 0.0111 0.0113 0.011 0.0104 0.0107 0.0106 0.0101 
0.0102 0.0087 0.0086 0.009 0.0098 0.0092 0.0088 0.0097 0.009 
0.0114 0.0103 0.0105 0.0107 0.0104 0.0101 0.0107 0.0099 0.0101 
0.011 0.0105 0.0097 0.0092 0.0095 0.0097 0.0095 0.0099 0.0096 

0.0311 0.0195 0.021 0.0193 0.0187 0.0201 0.0192 0.0202 0.0197 
0.0289 0.0193 0.0198 0.0191 0.0198 0.0208 0.0192 0.0202 0.02 
0.0243 0.0184 0.0183 0.0191 0.0193 0.0192 0.0187 0.0181 0.0194 
0.0184 0.016 0.0148 0.0162 0.0164 0.0154 0.0153 0.0153 0.0156 
0.017 0.0144 0.0145 0.0144 0.0146 0.014 0.0143 0.0138 0.0153 
0.0152 0.0134 0.0127 0.0138 0.0136 0.0126 0.0131 0.0131 0.0133 
0.0154 0.0128 0.0127 0.0117 0.0121 0.0116 0.0121 0.0115 0.012 
0.0113 0.011 0.0099 0.011 0.0105 0.0101 0.0111 0.0106 0.0112 

0.0273 0.0175 0.0176 0.0186 0.0182 0.0189 0.018 0.0183 0.0184 
0.0278 0.0188 0.0185 0.0196 0.0186 0.0187 0.0186 0.0196 0.019 
0.0225 0.0189 0.0192 0.0214 0.0186 0.0193 0.0186 0.0199 0.018 
0.0188 0.016 0.0149 0.0157 0.0156 0.0155 0.015 0.016 0.0158 
0.0161 0.0155 0.0144 0.0148 0.0148 0.0139 0.0137 0.0142 0.0184 
0.0138 0.0123 0.0125 0.0128 0.0116 0.0129 0.0124 0.0118 0.0117 
0.0119 0.0107 0.0103 0.0115 0.0092 0.0096 0.0096 0.0098 0.0097 
0.0127 0.012 0.0123 0.013 0.0114 0.0119 0.0128 0.0118 0.0123 

0.0282 0.0191 0.0193 0.0196 0.0189 0.0189 0.0185 0.0189 0.0195 
0.0188 0.0163 0.0162 0.0158 0.0164 0.0152 0.0159 0.0157 0.0156 
0.0157 0.0139 0.0128 0.0133 0.0137 0.0147 0.013 0.013 0.0128 
0.0135 0.0121 0.0116 0.0126 0.0122 0.0117 0.0118 0.0116 0.0119 
0.0113 0.0107 0.0106 0.0121 0.0109 0.011 0.0105 0.0109 0.0108 

0.0236 0.0179 0.0185 0.0195 0.0191 0.0182 0.0185 0.0187 0.0195 
0.0162 0.0146 0.0141 0.0143 0.0149 0.0152 0.014 0.0141 0.0137 
0.0135 0.012 0.0122 0.0112 0.0126 0.0122 0.0119 0.0122 0.0116 
0.0124 0.0111 0.0114 0.0105 0.0124 0.0113 0.0112 0.0113 0.0111 
0.0115 0.0109 0.0109 0.01 0.0115 0.0109 0.0108 0.0112 0.0116 
0.0105 0.0103 0.0102 0.0097 0.0111 0.0108 0.0108 0.0104 0.0104 
0.0105 0.0098 0.01 0.0094 0.0106 0.0106 0.0101 0.0105 0.0102 
0.0102 0.0098 0.01 0.0118 0.0105 0.0103 0.01 0.0097 0.0103 

0.02 0.0247 0.0248 0.0248 0.0258 0.0247 0.0248 0.0249 0.0253 
0.0143 0.0175 0.0171 0.0171 0.0178 0.0175 0.0171 0.0178 0.0175 
0.0123 0.0149 0.0149 0.0158 0.0148 0.0155 0.0157 0.0156 0.0153 
0.0119 0.0141 0.0146 0.015 0.0134 0.0147 0.0148 0.0149 0.0144 
0.0103 0.013 0.0142 0.0138 0.0118 0.014 0.0126 0.0132 0.0133 
0.0078 0.011 0.0133 0.013 0.0118 0.0129 0.0114 0.0101 0.01 

0.0202 0.0248 0.0251 0.025 0.0255 0.0263 0.0252 0.0245 0.0256 
0.013 0.0162 0.0161 0.0165 0.0173 0.0159 0.0171 0.016 0.0161 
0.0195 0.0258 0.0235 0.025 0.0252 0.0242 0.024 0.0249 0.022 
0.0147 0.0166 0.0173 0.0168 0.0173 0.0164 0.0167 0.0171 0.0163 
0.0118 0.014 0.0145 0.015 0.0159 0.0144 0.0143 0.0146 0.0148 
0.0111 0.0133 0.0143 0.0125 0.0127 0.0151 0.014 0.0146 0.0143 
0.0102 0.0132 0.0137 0.0125 0.0136 0.0144 0.0132 0.0131 0.0138 
0.0104 0.012 0.0142 0.0116 0.0146 0.0143 0.0142 0.0138 0.0131 
0.0096 0.0125 0.0133 0.0124 0.0122 0.013 0.0138 0.0131 0.0187 
0.0095 0.0124 0.0133 0.0113 0.0122 0.0131 0.0127 0.0126 0.0126 

0.0144 0.0128 0.0127 0.0146 0.0127 0.0117 0.0122 0.0134 0.0146 
0.0112 0.0105 0.0104 0.011 0.0121 0.0109 0.0112 0.0107 0.0113 
0.0118 0.0111 0.0111 0.0102 0.0104 0.0103 0.0108 0.01 0.011 
0.0103 0.0092 0.0106 0.0101 0.0107 0.011 0.01 0.0101 0.01 
0.0098 0.0098 0.0101 0.0098 0.0088 0.0101 0.0089 0.0103 0.01 
0.0095 0.0169 0.0101 0.0092 0.0093 0.0099 0.0096 0.01 0.0101 
0.0094 0.0077 0.0102 0.0093 0.011 0.0105 0.0098 0.0092 0.01 
0.0095 0.0095 0.0097 0.0087 0.0093 0.0094 0.0096 0.0092 0.0092 

0.0131 0.0099 0.0093 0.0098 0.0099 0.0092 0.0096 0.0091 0.0093 
0.0117 0.0101 0.0108 0.0096 0.0107 0.0113 0.0092 0.0105 0.0103 
0.0105 0.0094 0.0095 0.0092 0.0095 0.0091 0.009 0.0092 0.009 
0.0096 0.0092 0.0087 0.008 0.0098 0.0082 0.0089 0.0091 0.0088 
0.0088 0.0092 0.009 0.0088 0.0088 0.0082 0.0087 0.0085 0.0092 
0.0087 0.0083 0.0088 0.0089 0.0086 0.0086 0.0089 0.0091 0.0088 
0.009 0.0087 0.0092 0.0077 0.0083 0.0091 0.0087 0.009 0.0104 
0.0084 0.009 0.0086 0.0085 0.0089 0.0085 0.0086 0.0084 0.0087 

0.0084 0.0089 0.0087 0.008 0.0085 0.0084 0.0088 0.0087 0.009 
0.0083 0.0088 0.009 0.0082 0.0088 0.0085 0.0089 0.0085 0.0089 
0.0085 0.0083 0.0088 0.0079 0.0087 0.009 0.0091 0.0086 0.0099 
0.0087 0.0083 0.0087 0.0085 0.0083 0.0088 0.0088 0.0086 0.0085 
0.0084 0.0087 0.0087 0.0085 0.0089 0.0086 0.0077 0.0081 0.0084 
0.0082 0.0084 0.0087 0.0117 0.0088 0.0084 0.0084 0.0083 0.0086 
0.0087 0.0086 0.0087 0.0087 0.0087 0.0087 0.0087 0.0082 0.009 

0.0153 0.0127 0.0124 0.0117 0.0118 0.0131 0.0129 0.0121 0.0137 0.0134 0.0115 
0.0105 0.01 0.0095 0.0107 0.0111 0.011 0.0107 0.0104 0.0109 0.0106 0.01 
0.0098 0.0103 0.0094 0.0096 0.0099 0.0098 0.0102 0.0097 0.0097 0.0106 0.0106 
0.01 0.0092 0.0095 0.0104 0.0102 0.0095 0.0102 0.01 0.0094 0.0096 0.0095 
0.0098 0.0095 0.0093 0.0096 0.0094 0.0098 0.0093 0.0102 0.0097 0.0092 0.0097 
0.0096 0.0094 0.0094 0.0112 0.0094 0.0095 0.0097 0.0104 0.0106 0.0092 0.0161 
0.0098 0.0096 0.01 0.0092 0.009 0.0092 0.0095 0.0097 0.01 0.0098 0.0099 
0.0107 0.0093 0.0094 0.0089 0.009 0.01 0.0093 0.0099 0.0091 0.0092 0.0097 
0.0096 0.0092 0.0093 0.0092 0.0093 0.0094 0.009 0.0096 0.009 0.0097 0.0117 
0.0096 0.0093 0.0093 0.0092 0.009 0.0096 0.0091 0.0094 0.0092 0.0092 0.009 
0.0091 0.0094 0.0094 0.009 0.0094 0.0093 0.0092 0.0093 0.0095 0.0095 0.0093 
0.0091 0.0164 0.0099 0.0095 0.0088 0.0097 0.0094 0.0094 0.0098 0.0093 0.0087 

0.0162 0.0129 0.0121 0.0119 0.0127 0.0123 0.0124 0.0119 0.0116 0.012 0.0118 
0.0122 0.011 0.01 0.0108 0.0107 0.0104 0.01 0.0103 0.0106 0.0108 0.0106 
0.011 0.0099 0.0106 0.0095 0.0103 0.0098 0.0099 0.0099 0.01 0.0099 0.0101 
0.0108 0.0104 0.0094 0.0097 0.0097 0.0096 0.0096 0.0099 0.0098 0.01 0.0095 
0.0103 0.0098 0.0094 0.0093 0.0095 0.0095 0.0096 0.0102 0.0095 0.0096 0.0096 
0.0099 0.0093 0.0093 0.0093 0.0094 0.0095 0.0094 0.0097 0.0096 0.0096 0.0104 
0.0095 0.0094 0.0095 0.0116 0.0091 0.0096 0.0094 0.0093 0.0106 0.0094 0.0093 
0.0096 0.0093 0.0094 0.009 0.009 0.0094 0.0093 0.0095 0.0094 0.0093 0.0103 
0.0114 0.0092 0.0091 0.0092 0.0087 0.0093 0.0093 0.0092 0.01 0.0092 0.0092 
0.0091 0.009 0.009 0.0092 0.0096 0.0093 0.0089 0.0091 0.0091 0.0094 0.0094 
0.0097 0.0097 0.0099 0.0114 0.0092 0.0099 0.0105 0.0095 0.0094 0.0107 0.0097 
0.0102 0.0091 0.0088 0.009 0.0086 0.0089 0.009 0.0089 0.0085 0.0088 0.0097 

0.0261 0.0184 0.0169 0.0166 0.0173 0.0197 0.0186 0.016 0.0164 0.0155 0.0164 
0.0293 0.0161 0.0163 0.0153 0.0176 0.0169 0.0203 0.021 0.0198 0.0181 0.0174 
0.0328 0.0207 0.0201 0.023 0.0191 0.0196 0.0197 0.0189 0.0172 0.0173 0.02 
0.0254 0.0152 0.015 0.0165 0.0157 0.0144 0.015 0.0153 0.0151 0.0152 0.0154 
0.023 0.0132 0.0142 0.0138 0.0133 0.0122 0.0144 0.0134 0.0314 0.0132 0.0131 
0.0194 0.0122 0.0129 0.0134 0.0278 0.0117 0.0116 0.011 0.0128 0.0201 0.0225 
0.018 0.0121 0.0127 0.013 0.0124 0.0118 0.0126 0.0121 0.0126 0.013 0.013 
0.0175 0.0122 0.0116 0.0124 0.0121 0.0125 0.0127 0.0118 0.0115 0.0119 0.012 
0.0164 0.0123 0.0135 0.0131 0.0133 0.012 0.0132 0.0121 0.0123 0.012 0.0114 
0.0153 0.0117 0.0124 0.0127 0.0116 0.0112 0.0119 0.0117 0.0115 0.0118 0.0136 
0.0146 0.0112 0.0112 0.0124 0.0117 0.0109 0.0109 0.0109 0.0111 0.0106 0.0111 
0.014 0.0116 0.0107 0.0115 0.0126 0.011 0.0111 0.0178 0.0111 0.0108 0.0103 

0.0255 0.0249 0.0243 0.0243 0.0236 0.0251 0.0257 0.0273 0.0263 0.023 0.0244 
0.0303 0.0298 0.0304 0.0313 0.0292 0.0318 0.0318 0.0313 0.0295 0.0307 0.0299 
0.0303 0.0301 0.0319 0.0329 0.0317 0.0309 0.0314 0.032 0.0313 0.0323 0.031 
0.0328 0.0306 0.0297 0.0314 0.0324 0.0278 0.0295 0.0305 0.028 0.0296 0.0273 
0.0282 0.0303 0.0299 0.0296 0.029 0.0293 0.0302 0.0295 0.032 0.0297 0.0285 
0.0288 0.034 0.0338 0.0314 0.0336 0.035 0.0342 0.0337 0.032 0.034 0.0327 
0.0273 0.0223 0.0223 0.026 0.0222 0.0231 0.0245 0.0252 0.0255 0.0219 0.0265 
0.0275 0.0241 0.0237 0.0229 0.0254 0.0256 0.0251 0.0235 0.0268 0.0242 0.0247 
0.0299 0.0336 0.0266 0.0252 0.0235 0.0251 0.0243 0.025 0.0256 0.0251 0.0239 
0.025 0.0234 0.0241 0.0231 0.0255 0.0249 0.0237 0.0248 0.023 0.0238 0.0248 
0.021 0.0185 0.019 0.0192 0.0196 0.0195 0.0188 0.0192 0.0191 0.0179 0.0187 
0.0193 0.0174 0.0169 0.0171 0.0176 0.0164 0.0164 0.0163 0.0172 0.0167 0.0164 
0.0181 0.0163 0.0148 0.0147 0.0151 0.0153 0.0157 0.019 0.0162 0.0154 0.0158 
0.0163 0.0142 0.0139 0.015 0.0148 0.0138 0.0147 0.0155 0.0144 0.0135 0.014 
0.0147 0.0136 0.0131 0.0137 0.0134 0.013 0.0129 0.0131 0.0135 0.0133 0.0133 
0.0139 0.0139 0.0151 0.013 0.0126 0.0119 0.0124 0.0128 0.0131 0.0139 0.0125 
0.0135 0.0124 0.0126 0.0121 0.0122 0.0124 0.0127 0.0126 0.0122 0.0126 0.012 
0.0131 0.0122 0.0118 0.0122 0.0145 0.0121 0.0114 0.0118 0.0123 0.012 0.0123 

0.0512 0.04 0.04 0.0398 0.0407 0.0395 0.0399 0.0414 0.0399 0.0401 0.0413 
0.0489 0.0411 0.0406 0.0417 0.0406 0.0413 0.0413 0.0428 0.0406 0.0421 0.0411 
0.0489 0.0429 0.0425 0.0431 0.0441 0.043 0.0444 0.0426 0.0429 0.0426 0.0423 
0.0392 0.037 0.0378 0.0384 0.0378 0.0378 0.0393 0.0383 0.0382 0.0382 0.0385 
0.0307 0.0288 0.0279 0.0273 0.0279 0.0273 0.0276 0.0284 0.0274 0.0274 0.0279 
0.0231 0.0205 0.0208 0.0203 0.0203 0.0211 0.0208 0.0211 0.0208 0.0213 0.0209 
0.0175 0.0155 0.0158 0.0156 0.0161 0.0158 0.016 0.0158 0.0154 0.0158 0.0166 
0.009 0.008 0.0089 0.0078 0.0085 0.0091 0.0094 0.0092 0.0092 0.0093 0.0091 
0.0081 0.0073 0.0087 0.0082 0.0077 0.0092 0.0091 0.009 0.0085 0.0087 0.0088 

0.0072 0.0037 0.0047 0.0041 0.0037 0.0047 0.0048 0.005 0.0047 0.0047 0.0047 
0.0066 0.0035 0.0044 0.0039 0.0035 0.0044 0.0045 0.0044 0.0045 0.0045 0.0044 

NFavailability = 99.9. 2 pods are onboard if HA(99.99) is required else only 1 pod is onboard

NFavailability = 99.9. 2 pods are onboard if HA(99.99) is required else only 1 pod is onboard
0.0056 0.0032 0.0041 0.004 0.0033 0.0041 0.0046 0.0043 0.0046 0.0044 0.0042 0.0131 
0.0046 0.0031 0.004 0.0037 0.003 0.0041 0.004 0.0037 0.0036 0.0038 0.0037 0.0119 
0.0041 0.0027 0.0031 0.0027 0.0024 0.0029 0.003 0.0032 0.0031 0.0035 0.0029 0.0095 

NFavailability = 99.9. 2 pods are onboard if HA(99.99) is required else only 1 pod is onboard
0.0042 0.0031 0.0039 0.003 0.0034 0.0036 0.0038 0.0035 0.0035 0.0039 0.0037 0.0112 
0.004 0.0028 0.0035 0.0026 0.0032 0.0033 0.0033 0.0034 0.0036 0.0035 0.0033 0.0101 
0.004 0.0027 0.0033 0.0028 0.0026 0.0034 0.0031 0.0033 0.0034 0.0034 0.0034 0.0099 

NFavailability = 99.9. 2 pods are onboard if HA(99.99) is required else only 1 pod is onboard
0.0068 0.0048 0.0056 0.0052 0.0047 0.0055 0.0054 0.0056 0.0058 0.0053 0.0057 0.0163 
0.0063 0.0048 0.0046 0.0045 0.0047 0.0047 0.0048 0.0049 0.0046 0.0052 0.0051 0.0147 
0.006 0.0038 0.0045 0.0037 0.0038 0.0063 0.0047 0.0045 0.0048 0.0047 0.0048 0.0157 
0.005 0.0034 0.0044 0.0032 0.0038 0.0042 0.0039 0.0042 0.0037 0.004 0.0039 0.0121 
0.0044 0.0028 0.0039 0.0031 0.003 0.0039 0.0037 0.0038 0.0033 0.0037 0.0035 0.0113 
0.0037 0.0026 0.0034 0.0025 0.0029 0.003 0.0031 0.0033 0.0033 0.0031 0.0031 0.0092 

NFavailability = 99.9. 2 pods are onboard if HA(99.99) is required else only 1 pod is onboard
0.0105 0.0094 0.0094 0.0096 0.0094 0.0097 0.0092 0.0095 0.0089 0.0094 0.0096 0.0284 
0.011 0.0096 0.0102 0.0091 0.0092 0.0096 0.0099 0.0096 0.0095 0.01 0.0093 0.0295 
0.0101 0.0098 0.0091 0.0088 0.0093 0.0138 0.0094 0.0087 0.0088 0.0088 0.0093 0.0319 

NFavailability = 99.9. 2 pods are onboard if HA(99.99) is required else only 1 pod is onboard
0.011 0.0098 0.009 0.0092 0.0087 0.0084 0.0087 0.0087 0.0086 0.009 0.0092 0.0262 
0.011 0.0089 0.009 0.0094 0.0095 0.0094 0.0093 0.0091 0.0094 0.0091 0.0093 0.0278 
0.0102 0.0095 0.0091 0.0096 0.01 0.0094 0.0091 0.009 0.0096 0.0093 0.009 0.0277 

NFavailability = 99.9. 2 pods are onboard if HA(99.99) is required else only 1 pod is onboard
NFavailability = 99.9. 2 pods are onboard if HA(99.99) is required else only 1 pod is onboard

NFavailability = 99.9. 2 pods are onboard if HA(99.99) is required else only 1 pod is onboard
NFavailability = 99.9. 2 pods are onboard if HA(99.99) is required else only 1 pod is onboard
NFavailability = 99.9. 2 pods are onboard if HA(99.99) is required else only 1 pod is onboard

NFavailability = 99.9. 2 pods are onboard if HA(99.99) is required else only 1 pod is onboard

NFavailability = 99.9. 2 pods are onboard if HA(99.99) is required else only 1 pod is onboard

NFavailability = 99.9. 2 pods are onboard if HA(99.99) is required else only 1 pod is onboard
NFavailability = 99.9. 2 pods are onboard if HA(99.99) is required else only 1 pod is onboard
NFavailability = 99.9. 2 pods are onboard if HA(99.99) is required else only 1 pod is onboard
NFavailability = 99.9. 2 pods are onboard if HA(99.99) is required else only 1 pod is onboard
NFavailability = 99.9. 2 pods are onboard if HA(99.99) is required else only 1 pod is onboard
0.0271 0.0156 0.017 0.0206 0.0532 
0.0238 0.0145 0.0134 0.0139 0.0417 

NFavailability = 99.9. 2 pods are onboard if HA(99.99) is required else only 1 pod is onboard
0.0268 0.0214 0.0212 0.0198 0.0624 
0.0169 0.0123 0.012 0.0128 0.0371 

NFavailability = 99.9. 2 pods are onboard if HA(99.99) is required else only 1 pod is onboard
0.037 0.0242 0.0188 0.0225 0.0655 
0.0244 0.017 0.0163 0.019 0.0522 

NFavailability = 99.9. 2 pods are onboard if HA(99.99) is required else only 1 pod is onboard
0.0314 0.0239 0.0267 0.0209 0.0715 
NFavailability = 99.9. 2 pods are onboard if HA(99.99) is required else only 1 pod is onboard
0.0239 0.0149 0.0155 0.0156 0.046 
0.0173 0.0135 0.0133 0.0213 0.0482 

NFavailability = 99.9. 2 pods are onboard if HA(99.99) is required else only 1 pod is onboard

NFavailability = 99.9. 2 pods are onboard if HA(99.99) is required else only 1 pod is onboard
0.0298 0.0148 0.0205 0.0175 0.0527 
0.019 0.0148 0.0136 0.0129 0.0413 

NFavailability = 99.9. 2 pods are onboard if HA(99.99) is required else only 1 pod is onboard
0.0272 0.0165 0.0168 0.0182 0.0515 
0.0209 0.0174 0.016 0.0171 0.0504 

NFavailability = 99.9. 2 pods are onboard if HA(99.99) is required else only 1 pod is onboard
0.0306 0.0204 0.0205 0.0203 0.0612 
NFavailability = 99.9. 2 pods are onboard if HA(99.99) is required else only 1 pod is onboard

NFavailability = 99.9. 2 pods are onboard if HA(99.99) is required else only 1 pod is onboard
NFavailability = 99.9. 2 pods are onboard if HA(99.99) is required else only 1 pod is onboard
NFavailability = 99.9. 2 pods are onboard if HA(99.99) is required else only 1 pod is onboard
NFavailability = 99.9. 2 pods are onboard if HA(99.99) is required else only 1 pod is onboard
NFavailability = 99.9. 2 pods are onboard if HA(99.99) is required else only 1 pod is onboard

NFavailability = 99.9. 2 pods are onboard if HA(99.99) is required else only 1 pod is onboard

NFavailability = 99.9. 2 pods are onboard if HA(99.99) is required else only 1 pod is onboard
0.0244 0.0153 0.0147 0.0148 
0.0364 0.0187 0.0215 0.0282 

NFavailability = 99.9. 2 pods are onboard if HA(99.99) is required else only 1 pod is onboard
NFavailability = 99.9. 2 pods are onboard if HA(99.99) is required else only 1 pod is onboard

NFavailability = 99.9. 2 pods are onboard if HA(99.99) is required else only 1 pod is onboard

NFavailability = 99.9. 2 pods are onboard if HA(99.99) is required else only 1 pod is onboard

NFavailability = 99.9. 2 pods are onboard if HA(99.99) is required else only 1 pod is onboard

NFavailability = 99.9. 2 pods are onboard if HA(99.99) is required else only 1 pod is onboard

NFavailability = 99.9. 2 pods are onboard if HA(99.99) is required else only 1 pod is onboard

NFavailability = 99.9. 2 pods are onboard if HA(99.99) is required else only 1 pod is onboard

NFavailability = 99.9. 2 pods are onboard if HA(99.99) is required else only 1 pod is onboard
0.0123 0.0123 0.0146 0.0108 
NFavailability = 99.9. 2 pods are onboard if HA(99.99) is required else only 1 pod is onboard
NFavailability = 99.9. 2 pods are onboard if HA(99.99) is required else only 1 pod is onboard
0.0155 0.0102 0.0103 0.0103 0.0103 
0.0112 0.0086 0.0085 0.0084 0.0084 
0.009 0.007 0.0071 0.0068 0.0069 
NFavailability = 99.9. 2 pods are onboard if HA(99.99) is required else only 1 pod is onboard
0.0159 0.0105 0.0105 0.0105 0.0105 
0.0109 0.0082 0.0083 0.0081 0.0081 
0.0086 0.0069 0.0069 0.0066 0.0067 
0.0075 0.0062 0.0062 0.0059 0.006 
0.0069 0.0059 0.0059 0.0057 0.0056 
0.0065 0.0056 0.0056 0.0054 0.0055 
0.0061 0.0054 0.0054 0.0052 0.0053 
0.0059 0.0052 0.0052 0.0051 0.0051 
0.0057 0.0051 0.0051 0.005 0.005 
0.0056 0.005 0.005 0.0049 0.0049 
0.0055 0.005 0.005 0.0049 0.0049 
0.0053 0.0049 0.0049 0.0048 0.0048 
0.0053 0.0048 0.0049 0.0048 0.0048 
0.0053 0.0049 0.0049 0.0048 0.0049 
0.0053 0.0049 0.005 0.0049 0.0049 
0.0052 0.0048 0.0048 0.0048 0.0048 
0.0052 0.0048 0.0048 0.0048 0.0048 
0.0051 0.0047 0.0048 0.0047 0.0047 
0.0051 0.0048 0.0048 0.0047 0.0048 
0.0051 0.0048 0.0048 0.0047 0.0047 
0.005 0.0047 0.0047 0.0047 0.0047 
0.0049 0.0046 0.0046 0.0046 0.0046 
0.0049 0.0046 0.0046 0.0046 0.0046 
0.0049 0.0046 0.0046 0.0046 0.0046 
0.0048 0.0046 0.0046 0.0046 0.0046 
0.0048 0.0046 0.0046 0.0046 0.0046 
0.0049 0.0046 0.0046 0.0046 0.0046 
0.0048 0.0046 0.0046 0.0046 0.0046 
0.0048 0.0045 0.0045 0.0045 0.0045 
0.0047 0.0045 0.0045 0.0045 0.0045 

NFavailability = 99.9. 2 pods are onboard if HA(99.99) is required else only 1 pod is onboard
0.0111 0.0084 0.0084 0.0082 0.0082 
0.0078 0.0066 0.0065 0.0064 0.0064 
0.0066 0.0056 0.0057 0.0055 0.0055 
0.006 0.0052 0.0053 0.0051 0.0052 
0.0056 0.005 0.005 0.005 0.005 
0.0054 0.0049 0.0049 0.0049 0.0049 
0.0053 0.0049 0.0049 0.0048 0.0048 
0.0051 0.0048 0.0047 0.0047 0.0047 
0.0051 0.0047 0.0047 0.0047 0.0047 
0.005 0.0047 0.0048 0.0047 0.0047 
0.005 0.0046 0.0046 0.0047 0.0047 
0.0049 0.0046 0.0046 0.0046 0.0046 
0.0049 0.0046 0.0046 0.0046 0.0046 
0.0048 0.0045 0.0045 0.0045 0.0045 
0.0047 0.0045 0.0045 0.0045 0.0045 
0.0047 0.0045 0.0045 0.0045 0.0045 
0.0046 0.0045 0.0045 0.0044 0.0045 
0.0047 0.0044 0.0044 0.0044 0.0045 
0.0048 0.0046 0.0046 0.0046 0.0046 
0.0047 0.0045 0.0045 0.0045 0.0045 

NFavailability = 99.9. 2 pods are onboard if HA(99.99) is required else only 1 pod is onboard
0.0125 0.0098 0.0096 0.0095 0.0095 
0.008 0.0065 0.0067 0.0063 0.0063 
0.0066 0.0057 0.0057 0.0057 0.0057 
0.006 0.0053 0.0053 0.0052 0.0052 
0.0057 0.005 0.005 0.0049 0.005 
0.0055 0.005 0.0049 0.0049 0.0049 
0.0052 0.0048 0.0048 0.0047 0.0048 
0.0051 0.0047 0.0048 0.0047 0.0047 
0.0049 0.0046 0.0046 0.0046 0.0046 
0.0049 0.0046 0.0046 0.0045 0.0046 
0.0048 0.0045 0.0045 0.0045 0.0045 
0.0047 0.0044 0.0045 0.0044 0.0044 
0.0047 0.0045 0.0044 0.0044 0.0044 
0.0048 0.0045 0.0045 0.0045 0.0045 
0.0047 0.0045 0.0045 0.0044 0.0044 
0.0046 0.0044 0.0044 0.0044 0.0044 
0.0046 0.0044 0.0044 0.0043 0.0044 
0.0046 0.0044 0.0044 0.0044 0.0044 
0.0045 0.0043 0.0043 0.0043 0.0043 
0.0045 0.0044 0.0043 0.0043 0.0043 
0.0045 0.0043 0.0043 0.0043 0.0043 
0.0044 0.0043 0.0043 0.0043 0.0043 
0.0045 0.0043 0.0043 0.0043 0.0043 
0.0045 0.0043 0.0043 0.0043 0.0043 
0.0044 0.0043 0.0043 0.0043 0.0043 

NFavailability = 99.9. 2 pods are onboard if HA(99.99) is required else only 1 pod is onboard
0.0115 0.0089 0.0089 0.0088 0.009 
0.0078 0.0064 0.0064 0.0062 0.0062 
0.0067 0.0057 0.0058 0.0056 0.0056 
0.0059 0.0052 0.0052 0.0051 0.0051 
0.0056 0.005 0.0051 0.005 0.005 
0.0054 0.0049 0.0049 0.0049 0.0048 
0.0052 0.0047 0.0047 0.0047 0.0047 
0.0051 0.0047 0.0047 0.0047 0.0047 
0.005 0.0047 0.0047 0.0046 0.0046 
0.0049 0.0046 0.0046 0.0046 0.0045 
0.0049 0.0046 0.0046 0.0046 0.0046 
0.0047 0.0045 0.0045 0.0044 0.0044 
0.0047 0.0045 0.0045 0.0045 0.0045 
0.0047 0.0045 0.0045 0.0044 0.0044 
0.0047 0.0045 0.0045 0.0045 0.0045 
0.0045 0.0044 0.0044 0.0043 0.0043 
0.0053 0.0056 0.0053 0.0055 0.0055 
0.0045 0.0043 0.0043 0.0043 0.0043 
0.0044 0.0043 0.0043 0.0043 0.0043 
0.0044 0.0042 0.0042 0.0042 0.0042 
0.0044 0.0042 0.0043 0.0042 0.0042 
0.0044 0.0042 0.0042 0.0042 0.0042 
0.0044 0.0042 0.0042 0.0042 0.0042 
0.0043 0.0042 0.0042 0.0042 0.0042 
0.0043 0.0042 0.0042 0.0042 0.0042 

NFavailability = 99.9. 2 pods are onboard if HA(99.99) is required else only 1 pod is onboard

NFavailability = 99.9. 2 pods are onboard if HA(99.99) is required else only 1 pod is onboard

NFavailability = 99.9. 2 pods are onboard if HA(99.99) is required else only 1 pod is onboard

NFavailability = 99.9. 2 pods are onboard if HA(99.99) is required else only 1 pod is onboard

NFavailability = 99.9. 2 pods are onboard if HA(99.99) is required else only 1 pod is onboard

NFavailability = 99.9. 2 pods are onboard if HA(99.99) is required else only 1 pod is onboard

NFavailability = 99.9. 2 pods are onboard if HA(99.99) is required else only 1 pod is onboard
NFavailability = 99.9. 2 pods are onboard if HA(99.99) is required else only 1 pod is onboard
0.0 0.0 0.0 0.0 0.0 0.0 
0.0 0.0 0.0 0.0 0.0 0.0 
0.0 0.0 0.0 0.0 0.0 0.0 
0.0 0.0 0.0 0.0 0.0 0.0 
0.0 0.0 0.0 0.0 0.0 0.0 
0.0 0.0 0.0 0.0 0.0 0.0 
0.0 0.0 0.0 0.0 0.0 0.0 
0.0 0.0 0.0 0.0 0.0 0.0 
0.0 0.0 0.0 0.0 0.0 0.0 
0.0 0.0 0.0 0.0 0.0 0.0 
0.0 0.0 0.0 0.0 0.0 0.0 
0.0 0.0 0.0 0.0 0.0 0.0 
0.0 0.0 0.0 0.0 0.0 0.0 
0.0 0.0 0.0 0.0 0.0 0.0 
0.0 0.0 0.0 0.0 0.0 0.0 
0.0 0.0 0.0 0.0 0.0 0.0 
0.0 0.0 0.0 0.0 0.0 0.0 
0.0 0.0 0.0 0.0 0.0 0.0 
0.0 0.0 0.0 0.0 0.0 0.0 
0.0 0.0 0.0 0.0 0.0 0.0 
0.0 0.0 0.0 0.0 0.0 0.0 
0.0 0.0 0.0 0.0 0.0 0.0 
0.0 0.0 0.0 0.0 0.0 0.0 
0.0 0.0 0.0 0.0 0.0 0.0 
0.0 0.0 0.0 0.0 0.0 0.0 

NFavailability = 99.9. 2 pods are onboard if HA(99.99) is required else only 1 pod is onboard
NFavailability = 99.9. 2 pods are onboard if HA(99.99) is required else only 1 pod is onboard
0.012 0.4897 0.0237 0.0339 0.0105 0.0232 
0.0001 0.0001 0.0001 0.0001 0.0001 0.0001 
0.0001 0.0001 0.0001 0.0001 0.0001 0.0001 
0.0001 0.0001 0.0001 0.0001 0.0001 0.0001 
0.0001 0.0001 0.0001 0.0001 0.0001 0.0001 
0.0001 0.0001 0.0001 0.0001 0.0001 0.0001 
0.0001 0.0001 0.0001 0.0001 0.0001 0.0001 
0.0001 0.0001 0.0001 0.0001 0.0001 0.0001 
0.0001 0.0001 0.0001 0.0001 0.0001 0.0001 
0.0001 0.0001 0.0001 0.0001 0.0001 0.0001 
0.0001 0.0001 0.0001 0.0001 0.0001 0.0001 
0.0001 0.0001 0.0001 0.0001 0.0001 0.0001 
0.0001 0.0001 0.0001 0.0001 0.0001 0.0001 
0.0001 0.0001 0.0001 0.0001 0.0001 0.0001 
0.0001 0.0001 0.0001 0.0001 0.0001 0.0001 
0.0001 0.0001 0.0001 0.0001 0.0001 0.0001 
0.0001 0.0001 0.0001 0.0001 0.0001 0.0001 
0.0001 0.0001 0.0001 0.0001 0.0001 0.0001 
0.0001 0.0001 0.0001 0.0001 0.0001 0.0001 
0.0001 0.0001 0.0001 0.0001 0.0001 0.0001 
0.0001 0.0001 0.0001 0.0001 0.0001 0.0001 
0.0001 0.0001 0.0001 0.0001 0.0001 0.0001 
0.0001 0.0001 0.0001 0.0001 0.0001 0.0001 
0.0001 0.0001 0.0001 0.0001 0.0001 0.0001 
0.0001 0.0001 0.0001 0.0001 0.0001 0.0001 
0.0001 0.0001 0.0001 0.0001 0.0001 0.0 

NFavailability = 99.9. 2 pods are onboard if HA(99.99) is required else only 1 pod is onboard
NFavailability = 99.9. 2 pods are onboard if HA(99.99) is required else only 1 pod is onboard
0.0 0.0 0.0 0.0 0.0 0.0 
0.0 0.0 0.0 0.0 0.0 0.0 
0.0 0.0 0.0 0.0 0.0 0.0 
0.0 0.0 0.0 0.0 0.0 0.0 
0.0 0.0 0.0 0.0 0.0 0.0 
0.0 0.0 0.0 0.0 0.0 0.0 
0.0 0.0 0.0 0.0 0.0 0.0 
0.0 0.0 0.0 0.0 0.0 0.0 
0.0 0.0 0.0 0.0 0.0 0.0 
0.0 0.0 0.0 0.0 0.0 0.0 
0.0 0.0 0.0 0.0 0.0 0.0 
0.0 0.0 0.0 0.0 0.0 0.0 
0.0 0.0 0.0 0.0 0.0 0.0 
0.0 0.0 0.0 0.0 0.0 0.0 
0.0 0.0 0.0 0.0 0.0 0.0 
0.0 0.0 0.0 0.0 0.0 0.0 
0.0 0.0 0.0 0.0 0.0 0.0 
0.0 0.0 0.0 0.0 0.0 0.0 
0.0 0.0 0.0 0.0 0.0 0.0 
0.0 0.0 0.0 0.0 0.0 0.0 
0.0 0.0 0.0 0.0 0.0 0.0 
0.0 0.0 0.0 0.0 0.0 0.0 
0.0 0.0 0.0 0.0 0.0 0.0 
0.0 0.0 0.0 0.0 0.0 0.0 
0.0 0.0 0.0 0.0 0.0 0.0 

NFavailability = 99.9. 2 pods are onboard if HA(99.99) is required else only 1 pod is onboard
0.0 0.0 0.0 0.0 0.0 0.0 
0.0 0.0 0.0 0.0 0.0 0.0 
0.0 0.0 0.0 0.0 0.0 0.0 
0.0 0.0 0.0 0.0 0.0 0.0 
0.0 0.0 0.0 0.0 0.0 0.0 
0.0 0.0 0.0 0.0 0.0 0.0 
0.0 0.0 0.0 0.0 0.0 0.0 
0.0 0.0 0.0 0.0 0.0 0.0 
0.0 0.0 0.0 0.0 0.0 0.0 
0.0 0.0 0.0 0.0 0.0 0.0 
0.0 0.0 0.0 0.0 0.0 0.0 
0.0 0.0 0.0 0.0 0.0 0.0 
0.0 0.0 0.0 0.0 0.0 0.0 
0.0 0.0 0.0 0.0 0.0 0.0 
0.0 0.0 0.0 0.0 0.0 0.0 
0.0 0.0 0.0 0.0 0.0 0.0 
0.0 0.0 0.0 0.0 0.0 0.0 
0.0 0.0 0.0 0.0 0.0 0.0 
0.0 0.0 0.0 0.0 0.0 0.0 
0.0 0.0 0.0 0.0 0.0 0.0 
0.0 0.0 0.0 0.0 0.0 0.0 
0.0 0.0 0.0 0.0 0.0 0.0 
0.0 0.0 0.0 0.0 0.0 0.0 
0.0 0.0 0.0 0.0 0.0 0.0 
0.0 0.0 0.0 0.0 0.0 0.0 

NFavailability = 99.9. 2 pods are onboard if HA(99.99) is required else only 1 pod is onboard

NFavailability = 99.9. 2 pods are onboard if HA(99.99) is required else only 1 pod is onboard
NFavailability = 99.9. 2 pods are onboard if HA(99.99) is required else only 1 pod is onboard
NFavailability = 99.9. 2 pods are onboard if HA(99.99) is required else only 1 pod is onboard

NFavailability = 99.9. 2 pods are onboard if HA(99.99) is required else only 1 pod is onboard
0.0012 0.0012 0.0012 0.0015 0.0012 0.0015 
0.0022 0.0022 0.0022 0.0026 0.0022 0.0027 
0.0032 0.0032 0.0032 0.0039 0.0033 0.0039 
0.0042 0.0043 0.0042 0.0051 0.0042 0.0052 
0.0052 0.0053 0.0052 0.0063 0.0053 0.0064 
0.0062 0.0064 0.0063 0.0076 0.0064 0.0076 
0.0073 0.0074 0.0072 0.0088 0.0074 0.0089 
0.0083 0.0084 0.0083 0.0101 0.0085 0.0102 
0.0094 0.0095 0.0094 0.0113 0.0096 0.0114 
0.0104 0.0106 0.0104 0.0126 0.0106 0.0128 
0.0115 0.0117 0.0115 0.0139 0.0117 0.0141 
0.0127 0.0128 0.0125 0.0151 0.0128 0.0156 
0.0138 0.014 0.0137 0.0166 0.014 0.0169 
NFavailability = 99.9. 2 pods are onboard if HA(99.99) is required else only 1 pod is onboard
NFavailability = 99.9. 2 pods are onboard if HA(99.99) is required else only 1 pod is onboard
NFavailability = 99.9. 2 pods are onboard if HA(99.99) is required else only 1 pod is onboard

NFavailability = 99.9. 2 pods are onboard if HA(99.99) is required else only 1 pod is onboard
0.0163 0.0165 0.0128 0.0143 0.0138 0.0153 
0.0158 0.0151 0.018 0.0187 0.0181 0.0191 
0.0152 0.0147 0.0221 0.0223 0.0245 0.0252 
0.0151 0.0151 0.0261 0.0262 0.0316 0.0317 
0.0149 0.0158 0.03 0.0298 0.0377 0.038 
0.0157 0.017 0.035 0.0351 0.0458 0.0459 
0.015 0.0162 0.0368 0.0365 0.0495 0.049 
0.0151 0.0157 0.0406 0.0402 0.0547 0.0537 
0.0152 0.0155 0.0449 0.0442 0.0608 0.0597 
0.0152 0.0149 0.0471 0.0471 0.0639 0.0628 
0.0157 0.0148 0.0518 0.0508 0.0698 0.069 
NFavailability = 99.9. 2 pods are onboard if HA(99.99) is required else only 1 pod is onboard
0.0159 0.0163 0.0115 0.013 0.0124 0.0138 
0.0165 0.0156 0.0177 0.0187 0.0182 0.0193 
0.0178 0.0168 0.0241 0.0242 0.0267 0.0277 
0.0176 0.0175 0.0285 0.0286 0.0343 0.0351 
NFavailability = 99.9. 2 pods are onboard if HA(99.99) is required else only 1 pod is onboard
0.0171 0.0175 0.0137 0.015 0.0144 0.0159 
0.0176 0.0167 0.0205 0.0211 0.0206 0.0216 
0.0184 0.0176 0.0269 0.0269 0.0297 0.0305 
0.0173 0.0177 0.0305 0.0303 0.0366 0.0371 
0.0161 0.0169 0.0318 0.0314 0.0397 0.0396 
NFavailability = 99.9. 2 pods are onboard if HA(99.99) is required else only 1 pod is onboard
NFavailability = 99.9. 2 pods are onboard if HA(99.99) is required else only 1 pod is onboard
0.0177 0.0167 0.0202 0.0212 0.0202 0.0213 
0.0166 0.0171 0.0289 0.0285 0.0351 0.0358 
0.0156 0.0165 0.0346 0.0346 0.0449 0.0446 
0.0159 0.0158 0.0402 0.0398 0.0557 0.0541 
0.0152 0.0145 0.0467 0.0473 0.0635 0.063 
NFavailability = 99.9. 2 pods are onboard if HA(99.99) is required else only 1 pod is onboard
NFavailability = 99.9. 2 pods are onboard if HA(99.99) is required else only 1 pod is onboard
0.0159 0.0148 0.0186 0.0193 0.0189 0.02 
0.0154 0.0154 0.0267 0.0262 0.0314 0.0322 
0.0159 0.017 0.0341 0.034 0.0461 0.0451 
0.0156 0.0159 0.0414 0.0401 0.0551 0.0536 
0.0152 0.0152 0.0484 0.0473 0.0639 0.0637 
NFavailability = 99.9. 2 pods are onboard if HA(99.99) is required else only 1 pod is onboard
NFavailability = 99.9. 2 pods are onboard if HA(99.99) is required else only 1 pod is onboard
NFavailability = 99.9. 2 pods are onboard if HA(99.99) is required else only 1 pod is onboard
NFavailability = 99.9. 2 pods are onboard if HA(99.99) is required else only 1 pod is onboard
0.0184 0.0162 0.0232 0.0248 0.0233 0.0246 
0.0178 0.0167 0.0315 0.032 0.0365 0.0394 
0.0169 0.0173 0.04 0.0396 0.05 0.0517 
0.0177 0.0166 0.0463 0.0458 0.0589 0.0615 
0.0177 0.0166 0.0538 0.0527 0.0685 0.0725 
0.0171 0.0148 0.0601 0.0588 0.0762 0.078 
0.0167 0.0144 0.0672 0.0663 0.0838 0.0848 
0.0177 0.0144 0.0721 0.0733 0.0929 0.0933 
NFavailability = 99.9. 2 pods are onboard if HA(99.99) is required else only 1 pod is onboard
0.0174 0.0159 0.0172 0.0177 0.0168 0.0182 0.0175 0.0159 0.017 0.0176 0.0168 0.0181 
NFavailability = 99.9. 2 pods are onboard if HA(99.99) is required else only 1 pod is onboard
0.0178 0.0164 0.0174 0.0178 0.017 0.0182 0.0178 0.0164 0.0174 0.0179 0.0172 0.0184 
NFavailability = 99.9. 2 pods are onboard if HA(99.99) is required else only 1 pod is onboard
20240525-160703 NFavailability = 99.9. 2 pods are onboard if HA(99.99) is required else only 1 pod is onboard
0.0169 0.0154 0.0166 0.017 0.0163 0.0178 0.0168 0.0155 0.0166 0.017 0.0162 0.0178 
20240525-161037 NFavailability = 99.9. 2 pods are onboard if HA(99.99) is required else only 1 pod is onboard
20240525-161147 NFavailability = 99.9. 2 pods are onboard if HA(99.99) is required else only 1 pod is onboard
20240525-161407 NFavailability = 99.9. 2 pods are onboard if HA(99.99) is required else only 1 pod is onboard
0.0166 0.0125 0.0137 0.0166 0.0134 0.0146 0.017 0.0157 0.0166 0.0172 0.0164 0.0176 
0.0169 0.0182 0.0186 0.0155 0.0183 0.0194 0.0173 0.0224 0.0235 0.016 0.022 0.0238 
0.0169 0.0225 0.0227 0.0153 0.0252 0.0258 0.0174 0.027 0.0275 0.0156 0.0292 0.0309 
0.0167 0.0267 0.0262 0.0162 0.0313 0.0322 0.0172 0.0314 0.0317 0.0165 0.0361 0.038 
0.0169 0.0297 0.0296 0.0166 0.0377 0.0381 0.0173 0.0347 0.0351 0.0169 0.0428 0.045 
0.0169 0.034 0.034 0.0173 0.0445 0.0438 0.0173 0.0386 0.0387 0.0176 0.0493 0.0511 
0.0169 0.0373 0.0369 0.017 0.049 0.0487 0.0175 0.0423 0.0419 0.0174 0.0548 0.0566 
0.0169 0.0404 0.0396 0.016 0.0541 0.0536 0.0175 0.0453 0.0458 0.0165 0.0599 0.0616 
0.0168 0.044 0.0434 0.0158 0.0596 0.0589 0.0172 0.0491 0.0491 0.0162 0.0652 0.0668 
0.0167 0.047 0.0461 0.0151 0.0637 0.0624 0.0171 0.052 0.0521 0.0156 0.0691 0.0703 
0.0172 0.0507 0.0505 0.015 0.0676 0.0673 0.0173 0.0555 0.0556 0.0154 0.0728 0.0746 
0.017 0.0543 0.0536 0.0148 0.0725 0.0713 0.0174 0.0596 0.0595 0.0152 0.0779 0.0785 
0.017 0.0574 0.0568 0.0144 0.0758 0.0743 0.0173 0.0624 0.0626 0.0149 0.081 0.081 
0.0168 0.0607 0.0599 0.0141 0.0802 0.0793 0.0176 0.0663 0.0658 0.0145 0.0851 0.0862 
0.0167 0.0631 0.0624 0.0137 0.0832 0.0816 0.0171 0.0689 0.0685 0.0142 0.0882 0.0882 
0.017 0.0679 0.0667 0.0138 0.0878 0.0872 0.0174 0.0731 0.0732 0.0142 0.0935 0.094 
0.0172 0.0713 0.0699 0.0133 0.0905 0.0893 0.0175 0.0766 0.076 0.0138 0.0957 0.0962 
0.017 0.0737 0.0729 0.0132 0.0956 0.0943 0.0173 0.0795 0.079 0.0136 0.1005 0.1005 
0.0172 0.0774 0.0766 0.0131 0.0993 0.0987 0.0175 0.083 0.0827 0.0135 0.1047 0.1056 
0.017 0.0812 0.0802 0.0128 0.1028 0.1024 0.0171 0.0868 0.0863 0.0132 0.1089 0.1089 
0.0168 0.0841 0.0831 0.0128 0.1073 0.1071 0.017 0.0898 0.0894 0.0132 0.1132 0.1138 
0.0167 0.0875 0.0863 0.0128 0.1109 0.1106 0.0173 0.0932 0.0927 0.0132 0.1169 0.1169 
0.017 0.0911 0.0901 0.0126 0.1153 0.1145 0.0174 0.0969 0.0962 0.013 0.1213 0.121 
0.017 0.0943 0.0929 0.0125 0.1185 0.1179 0.0173 0.1006 0.1 0.013 0.1244 0.1247 
0.0168 0.0981 0.097 0.0125 0.123 0.1232 0.0171 0.1043 0.1042 0.0129 0.1288 0.1298 

20240525-200216 NFavailability = 99.9. 2 pods are onboard if HA(99.99) is required else only 1 pod is onboard
0.017 0.0131 0.0147 0.017 0.0143 0.0159 0.0172 0.0157 0.0176 0.0171 0.0167 0.0188 
0.0167 0.018 0.019 0.0152 0.018 0.019 0.0168 0.0214 0.0229 0.0154 0.0206 0.022 
0.0168 0.0225 0.0232 0.0154 0.0246 0.0256 0.0169 0.0261 0.0271 0.0157 0.0275 0.0289 
0.0168 0.0265 0.027 0.016 0.0315 0.0321 0.017 0.0304 0.0313 0.0164 0.0349 0.0353 
0.0177 0.0314 0.0313 0.0167 0.0386 0.0394 0.0179 0.0354 0.0361 0.0172 0.0425 0.043 
0.0169 0.0337 0.0337 0.0166 0.0429 0.0427 0.0169 0.0378 0.0383 0.0169 0.0465 0.0465 
0.0172 0.0371 0.0374 0.0168 0.0491 0.0487 0.0174 0.0414 0.0421 0.0172 0.0529 0.0521 
0.017 0.0412 0.041 0.0164 0.0546 0.0537 0.017 0.0451 0.0459 0.0167 0.0583 0.0578 
0.0172 0.0435 0.0433 0.0158 0.0583 0.0576 0.0173 0.048 0.0484 0.0162 0.0625 0.0615 
0.0184 0.0503 0.0502 0.0161 0.0678 0.0659 0.0186 0.055 0.0558 0.0166 0.0728 0.0705 
0.0167 0.05 0.0502 0.0148 0.0674 0.0657 0.017 0.0545 0.0551 0.0151 0.0716 0.0696 
0.0166 0.0533 0.053 0.0144 0.0705 0.0695 0.0167 0.0578 0.0581 0.0147 0.0747 0.0735 
0.0168 0.0565 0.0562 0.014 0.0744 0.0734 0.017 0.0613 0.0616 0.0145 0.0786 0.0774 
0.017 0.0603 0.0599 0.014 0.078 0.0774 0.0174 0.0655 0.0653 0.0143 0.0823 0.0811 
0.0166 0.0637 0.063 0.0136 0.0819 0.0809 0.0167 0.0686 0.0686 0.014 0.0865 0.0851 
0.017 0.0674 0.067 0.0136 0.086 0.0855 0.0171 0.0724 0.0725 0.0139 0.0906 0.0897 
0.0167 0.0697 0.0692 0.0133 0.0899 0.0894 0.017 0.0749 0.0751 0.0137 0.0942 0.0936 
0.0167 0.0729 0.0725 0.013 0.0938 0.0926 0.0169 0.0781 0.0784 0.0134 0.0983 0.0972 
0.0168 0.0766 0.0763 0.0128 0.0982 0.0972 0.0168 0.0817 0.0821 0.0133 0.103 0.1016 
0.0167 0.08 0.0791 0.0129 0.1023 0.101 0.0169 0.0854 0.0853 0.0133 0.107 0.1059 
0.0168 0.0827 0.082 0.0127 0.1054 0.1046 0.0169 0.0883 0.0881 0.013 0.1107 0.1094 
0.0167 0.0872 0.0863 0.0124 0.1096 0.109 0.0169 0.0931 0.093 0.0128 0.1155 0.1141 
0.0167 0.0898 0.0889 0.0124 0.1132 0.1127 0.0168 0.0955 0.0951 0.0128 0.1181 0.1176 
0.017 0.0936 0.0929 0.0124 0.1173 0.1171 0.0171 0.0994 0.099 0.0128 0.1224 0.122 
0.0167 0.0969 0.0963 0.0123 0.1209 0.1215 0.0168 0.1031 0.1027 0.0128 0.1262 0.1265 

20240528-190540 NodeDelay: 5 NFavailability: 99.9. 2 pods if HA(99.99) else only 1 pod is onboard
0.0175 0.0134 0.015 0.0174 0.0145 0.0161 0.0176 0.0165 0.0184 0.0177 0.0175 0.0195 
0.017 0.0184 0.0192 0.0154 0.0185 0.0195 0.0171 0.0221 0.0238 0.0157 0.0215 0.0234 
0.0177 0.0235 0.0239 0.0161 0.0253 0.0264 0.0178 0.0277 0.0294 0.0163 0.0287 0.0306 
0.017 0.0271 0.0273 0.0162 0.0317 0.0324 0.0172 0.0315 0.0326 0.0165 0.0354 0.037 
0.0177 0.0313 0.0314 0.0172 0.0385 0.039 0.0178 0.0359 0.037 0.0174 0.0425 0.0445 
0.0171 0.034 0.0339 0.0168 0.0432 0.0436 0.0174 0.0384 0.0396 0.0172 0.047 0.0484 
0.0173 0.0383 0.0384 0.0173 0.0496 0.0494 0.0176 0.0429 0.0442 0.0176 0.054 0.0545 
0.0177 0.0413 0.0414 0.0164 0.0548 0.0541 0.0178 0.0461 0.047 0.0166 0.0593 0.0591 
0.0178 0.0458 0.0453 0.0164 0.0613 0.0609 0.0178 0.0508 0.0514 0.0169 0.0654 0.0655 
0.0177 0.0485 0.0482 0.0156 0.0653 0.0643 0.0179 0.0537 0.0546 0.0161 0.0695 0.0689 
0.0179 0.0525 0.0524 0.0153 0.0699 0.0685 0.0179 0.0576 0.0587 0.0156 0.0743 0.0737 
0.0176 0.054 0.0536 0.0147 0.0711 0.0704 0.0178 0.0597 0.0603 0.0151 0.0755 0.0751 
0.0173 0.0579 0.0576 0.0145 0.0752 0.0743 0.0174 0.0633 0.0642 0.0149 0.08 0.0794 
0.0172 0.0617 0.0614 0.0143 0.08 0.0793 0.0174 0.0676 0.0678 0.0145 0.0844 0.0835 
0.0171 0.0646 0.064 0.0138 0.0831 0.0819 0.0171 0.0701 0.0706 0.0142 0.0877 0.0865 
0.0183 0.073 0.0727 0.0147 0.0933 0.0927 0.0185 0.0793 0.0797 0.015 0.0978 0.0975 
0.0168 0.0695 0.0687 0.0131 0.0894 0.088 0.017 0.0753 0.0752 0.0136 0.0943 0.0929 
0.017 0.0728 0.0722 0.0127 0.0929 0.0916 0.017 0.0782 0.0791 0.0131 0.0976 0.0964 
0.0169 0.0763 0.0761 0.0128 0.0979 0.0964 0.0171 0.0821 0.0831 0.0132 0.1026 0.1013 
0.017 0.0796 0.0786 0.0126 0.1014 0.1 0.0172 0.0851 0.0853 0.013 0.106 0.1043 
0.0172 0.0856 0.084 0.0128 0.1074 0.1072 0.0173 0.0918 0.0921 0.0133 0.1125 0.1117 
0.017 0.0878 0.0874 0.0126 0.1111 0.1104 0.0173 0.0944 0.0947 0.0131 0.1162 0.1151 
0.0183 0.0967 0.0959 0.0135 0.1215 0.1199 0.0183 0.103 0.1027 0.0139 0.1263 0.1255 
0.0167 0.0926 0.0915 0.0123 0.1159 0.1156 0.0168 0.0988 0.0989 0.0127 0.1211 0.1206 
0.0169 0.0964 0.0956 0.0123 0.1202 0.1208 0.0171 0.1028 0.1025 0.0127 0.1254 0.1256 

20240530-065512 NodeDelay: 5 NFavailability: 99.9. 2 pods if HA(99.99) else only 1 pod is onboard
0.0172 0.0131 0.0132 0.0168 0.0144 0.0143 0.0174 0.0162 0.0161 0.017 0.0172 0.0173 
0.0176 0.0184 0.0184 0.0154 0.0186 0.0186 0.0176 0.0222 0.0222 0.0157 0.0216 0.0217 
0.0169 0.0232 0.0232 0.0154 0.0252 0.0252 0.0171 0.0272 0.0273 0.0157 0.0285 0.0284 
0.0168 0.027 0.027 0.0163 0.0316 0.0316 0.0172 0.0311 0.0311 0.0166 0.0353 0.0351 
0.0174 0.0306 0.0306 0.0165 0.0374 0.0374 0.0175 0.0349 0.0351 0.0169 0.0413 0.0415 
0.017 0.0335 0.0337 0.017 0.0437 0.0439 0.0172 0.0382 0.0382 0.0173 0.0475 0.0476 
0.0173 0.0371 0.0372 0.0168 0.0489 0.049 0.0174 0.0418 0.0417 0.0172 0.053 0.0532 
0.017 0.0409 0.0408 0.0161 0.0542 0.0542 0.0172 0.0459 0.0457 0.0164 0.0582 0.0581 
0.0172 0.044 0.0439 0.0158 0.0583 0.0581 0.0172 0.0488 0.0487 0.0162 0.0623 0.0625 
20240530-073120 NodeDelay: 5 NFavailability: 99.9. 2 pods if HA(99.99) else only 1 pod is onboard
20240530-085601 NodeDelay: 5 NFavailability: 99.9. 2 pods if HA(99.99) else only 1 pod is onboard

20240530-085653 NodeDelay: 5 NFavailability: 99.9. 2 pods if HA(99.99) else only 1 pod is onboard

20240530-085721 NodeDelay: 5 NFavailability: 99.9. 2 pods if HA(99.99) else only 1 pod is onboard
20240530-091043 NodeDelay: 5 NFavailability: 99.9. 2 pods if HA(99.99) else only 1 pod is onboard
20240530-091857 NodeDelay: 5 NFavailability: 99.9. 2 pods if HA(99.99) else only 1 pod is onboard
20240530-092206 NodeDelay: 5 NFavailability: 99.9. 2 pods if HA(99.99) else only 1 pod is onboard
20240530-092215 NodeDelay: 5 NFavailability: 99.9. 2 pods if HA(99.99) else only 1 pod is onboard
20240530-092255 NodeDelay: 5 NFavailability: 99.9. 2 pods if HA(99.99) else only 1 pod is onboard
0.0007 0.0017 0.0022 0.0008 0.0016 0.0022 0.0011 0.0011 0.0012 0.0011 0.0011 0.0012 
0.0007 0.0025 0.003 0.0008 0.0026 0.0031 0.0021 0.0022 0.0022 0.0022 0.0022 0.0022 
20240530-092344 NodeDelay: 5 NFavailability: 99.9. 2 pods if HA(99.99) else only 1 pod is onboard
20240530-092637 NodeDelay: 5 NFavailability: 99.9. 2 pods if HA(99.99) else only 1 pod is onboard
0.0007 0.0016 0.0021 0.0007 0.0015 0.0021 0.006 0.0088 0.0092 0.0057 0.0087 0.0092 
0.0007 0.0025 0.0029 0.0008 0.0025 0.0031 0.0059 0.0106 0.011 0.0054 0.0095 0.01 
0.0007 0.0033 0.0037 0.0009 0.0038 0.0044 0.0062 0.0123 0.0128 0.0058 0.0114 0.012 
0.0007 0.0038 0.0042 0.001 0.0047 0.0053 0.006 0.0129 0.0135 0.0057 0.0129 0.0135 
0.0007 0.0043 0.0047 0.001 0.0057 0.0063 0.0061 0.014 0.0145 0.0059 0.0145 0.0152 
0.0007 0.0047 0.0051 0.0011 0.0064 0.0071 0.0059 0.0146 0.0152 0.0057 0.0156 0.0165 
0.0007 0.0051 0.0056 0.0011 0.0073 0.0079 0.006 0.0155 0.0162 0.0056 0.0172 0.0179 
0.0007 0.0056 0.0061 0.0011 0.0079 0.0086 0.006 0.0164 0.0171 0.0055 0.0182 0.0191 
0.0007 0.006 0.0067 0.0012 0.0088 0.0094 0.006 0.0174 0.0183 0.0053 0.0195 0.0205 
0.0007 0.0064 0.0071 0.0012 0.0093 0.01 0.0059 0.0184 0.0191 0.0053 0.0202 0.0215 
0.0008 0.0072 0.0078 0.0013 0.0103 0.0111 0.0062 0.02 0.0208 0.0054 0.0219 0.0235 
0.0008 0.0079 0.0088 0.0014 0.0114 0.0123 0.0064 0.0217 0.0229 0.0056 0.0236 0.0256 
0.0008 0.0084 0.0092 0.0014 0.0119 0.0127 0.0064 0.0226 0.0238 0.0055 0.0244 0.0265 
0.0008 0.0087 0.0097 0.0014 0.0123 0.0132 0.0063 0.0233 0.0244 0.0054 0.0249 0.0273 
0.0008 0.0094 0.0104 0.0015 0.013 0.0141 0.0065 0.0247 0.0259 0.0054 0.026 0.0293 
0.0008 0.0095 0.0104 0.0014 0.0132 0.0142 0.0061 0.0248 0.0259 0.0052 0.0262 0.0294 
0.0008 0.0104 0.0114 0.0015 0.0142 0.0152 0.0065 0.0268 0.0281 0.0053 0.0281 0.0314 
0.0008 0.0104 0.0115 0.0015 0.0142 0.0153 0.0061 0.0267 0.0278 0.0051 0.0279 0.0315 
0.0008 0.0109 0.0119 0.0015 0.0149 0.0161 0.0062 0.0276 0.0288 0.005 0.0286 0.0327 
0.0008 0.0116 0.0127 0.0016 0.0157 0.0169 0.0063 0.0291 0.0303 0.0052 0.03 0.0344 
0.0008 0.012 0.0133 0.0016 0.0161 0.0174 0.0063 0.0301 0.0314 0.0051 0.0313 0.0356 
0.0008 0.0125 0.0138 0.0016 0.0168 0.0184 0.0064 0.0314 0.0326 0.0051 0.0321 0.037 
0.0008 0.0128 0.0142 0.0016 0.0169 0.0184 0.0061 0.0316 0.0332 0.0051 0.0326 0.0373 
0.0008 0.013 0.0143 0.0016 0.017 0.0186 0.0061 0.0317 0.0334 0.0049 0.0331 0.0377 
0.0008 0.0137 0.0151 0.0017 0.0178 0.0196 0.0062 0.0335 0.0351 0.005 0.0351 0.0397 

20240530-100902 NodeDelay: 10 NFavailability: 99.9. 2 pods if HA(99.99) else only 1 pod is onboard
0.0007 0.0017 0.0022 0.0008 0.0016 0.0022 0.0063 0.009 0.0094 0.0061 0.0089 0.0094 
0.0007 0.0025 0.003 0.0008 0.0026 0.0031 0.0061 0.0109 0.0111 0.0056 0.0101 0.0104 
0.0007 0.0033 0.0037 0.0009 0.0037 0.0044 0.0061 0.0123 0.0126 0.0057 0.0122 0.0128 
0.0007 0.0038 0.0042 0.001 0.0048 0.0054 0.0061 0.0132 0.0133 0.0058 0.0139 0.0146 
0.0007 0.0043 0.0047 0.001 0.0057 0.0063 0.0061 0.0143 0.0144 0.0059 0.0157 0.0167 
0.0007 0.0046 0.0051 0.0011 0.0065 0.0072 0.0059 0.0147 0.0148 0.0057 0.0169 0.018 
0.0008 0.0052 0.0058 0.0011 0.0075 0.0082 0.0061 0.016 0.0162 0.0057 0.0185 0.0199 
0.0008 0.0059 0.0064 0.0012 0.0086 0.0091 0.0063 0.0176 0.0177 0.0058 0.0204 0.022 
0.0008 0.0062 0.0068 0.0012 0.0089 0.0095 0.0061 0.0181 0.0182 0.0055 0.0208 0.0229 
0.0008 0.0067 0.0074 0.0013 0.0098 0.0105 0.0061 0.019 0.0192 0.0055 0.0215 0.0243 
0.0008 0.0073 0.008 0.0013 0.0106 0.0112 0.0063 0.0202 0.0206 0.0054 0.0224 0.0253 
0.0008 0.0077 0.0085 0.0013 0.0108 0.0116 0.0062 0.021 0.0214 0.0054 0.0227 0.0263 
0.0008 0.0081 0.0089 0.0013 0.0113 0.0123 0.0062 0.0216 0.0219 0.0052 0.0231 0.0271 
0.0008 0.0085 0.0093 0.0013 0.0118 0.0127 0.0061 0.0225 0.0229 0.0052 0.0237 0.028 
0.0008 0.009 0.0098 0.0013 0.0125 0.0133 0.0061 0.0234 0.0238 0.0051 0.0242 0.0291 
0.0008 0.0096 0.0105 0.0015 0.0132 0.0142 0.0061 0.0248 0.0251 0.0051 0.0252 0.0306 
0.0008 0.0101 0.0111 0.0015 0.0139 0.0151 0.0062 0.026 0.0262 0.0051 0.0266 0.0319 
0.0008 0.0103 0.0113 0.0015 0.0139 0.015 0.0062 0.0263 0.0267 0.005 0.0268 0.0321 
0.0008 0.0108 0.0118 0.0015 0.0144 0.0157 0.0061 0.027 0.0273 0.0049 0.0278 0.0332 
0.0008 0.0113 0.0125 0.0016 0.0152 0.0163 0.0062 0.0282 0.0285 0.005 0.0289 0.0344 
0.0009 0.0126 0.0139 0.0017 0.0169 0.0183 0.0066 0.0313 0.0315 0.0054 0.0327 0.0382 
0.0009 0.0134 0.0148 0.0018 0.018 0.0194 0.0067 0.0326 0.0333 0.0055 0.035 0.0406 
0.0009 0.0141 0.0156 0.0018 0.0187 0.0204 0.007 0.0348 0.0354 0.0056 0.0371 0.0425 
0.0008 0.0133 0.0145 0.0016 0.0173 0.0189 0.0063 0.0322 0.0328 0.0051 0.0342 0.0396 
0.0009 0.0141 0.0155 0.0017 0.0182 0.02 0.0063 0.0339 0.0342 0.0051 0.0363 0.0416 

20240602-212508 NodeDelay: 10 NFavailability: 99.9. 2 pods if HA(99.99) else only 1 pod is onboard

20240602-213106 NodeDelay: 10 NFavailability: 99.9. 2 pods if HA(99.99) else only 1 pod is onboard

20240602-213144 NodeDelay: 10 NFavailability: 99.9. 2 pods if HA(99.99) else only 1 pod is onboard

20240602-213353 NodeDelay: 10 NFavailability: 99.9. 2 pods if HA(99.99) else only 1 pod is onboard
20240602-214010 NodeDelay: 10 NFavailability: 99.9. 2 pods if HA(99.99) else only 1 pod is onboard
0.0022 0.0032 0.0063 0.0022 0.0031 0.0063 0.0122 0.0165 0.0886 0.012 0.0167 0.0213 
0.0021 0.0051 0.008 0.0024 0.0051 0.0084 0.0119 0.021 0.0258 0.0111 0.0198 0.0254 
20240602-214502 NodeDelay: 10 NFavailability: 99.9. 2 pods if HA(99.99) else only 1 pod is onboard
0.0006 0.0012 0.002 0.0007 0.0012 0.002 0.0044 0.0063 0.0079 0.0044 0.0064 0.008 
0.0007 0.002 0.0027 0.0007 0.002 0.0028 0.0044 0.0081 0.0098 0.0041 0.0077 0.0098 
0.0007 0.0026 0.0033 0.0008 0.0029 0.0039 0.0045 0.0092 0.0111 0.0043 0.0093 0.0122 
0.0007 0.003 0.0038 0.0009 0.0037 0.0047 0.0044 0.0098 0.0117 0.0044 0.0105 0.014 
0.0007 0.0033 0.0041 0.0009 0.0044 0.0055 0.0044 0.0105 0.0123 0.0044 0.0118 0.0159 
0.0007 0.0038 0.0047 0.0009 0.0051 0.0063 0.0044 0.0114 0.0133 0.0044 0.0132 0.0179 
0.0007 0.0041 0.0051 0.001 0.0058 0.0069 0.0045 0.012 0.014 0.0044 0.0143 0.0193 
0.0007 0.0046 0.0056 0.001 0.0066 0.0078 0.0045 0.013 0.0151 0.0043 0.0155 0.021 
0.0007 0.0048 0.006 0.001 0.007 0.0082 0.0045 0.0136 0.0156 0.0042 0.0158 0.0216 
0.0007 0.0053 0.0065 0.0011 0.0076 0.0089 0.0045 0.0143 0.0163 0.0042 0.0168 0.0228 
0.0007 0.0056 0.0068 0.0011 0.008 0.0093 0.0045 0.0148 0.0169 0.0041 0.0168 0.0233 
0.0007 0.0059 0.0072 0.0011 0.0085 0.0098 0.0044 0.0155 0.0173 0.004 0.0172 0.024 
0.0007 0.0064 0.0078 0.0011 0.0091 0.0105 0.0045 0.0167 0.0188 0.0041 0.018 0.0251 
0.0007 0.0068 0.0082 0.0012 0.0093 0.0109 0.0045 0.0173 0.0192 0.004 0.0184 0.0258 
0.0007 0.0073 0.0087 0.0012 0.0098 0.0115 0.0045 0.0182 0.0205 0.004 0.0189 0.0267 
0.0007 0.0075 0.0091 0.0012 0.0105 0.0121 0.0045 0.0186 0.021 0.004 0.0197 0.0278 
0.0007 0.008 0.0096 0.0012 0.0108 0.0125 0.0045 0.0193 0.0219 0.0039 0.0202 0.0283 
0.0007 0.0085 0.0101 0.0013 0.0113 0.0131 0.0045 0.0203 0.0224 0.004 0.0215 0.0294 
0.0007 0.009 0.0107 0.0013 0.0118 0.0139 0.0046 0.0216 0.0242 0.0041 0.023 0.0312 
0.0007 0.009 0.0108 0.0013 0.0122 0.0141 0.0045 0.0217 0.0236 0.0039 0.0228 0.0307 
0.0007 0.0096 0.0115 0.0014 0.0127 0.0148 0.0045 0.0223 0.0247 0.0039 0.0238 0.032 
0.0007 0.0099 0.0118 0.0014 0.0131 0.0151 0.0045 0.0231 0.0253 0.0039 0.0247 0.0328 
0.0007 0.0103 0.0122 0.0014 0.0134 0.0157 0.0045 0.0239 0.0262 0.0039 0.0257 0.0338 
0.0007 0.0107 0.0126 0.0014 0.0138 0.0162 0.0046 0.0249 0.0269 0.004 0.0265 0.0345 
0.0007 0.011 0.0131 0.0014 0.0144 0.0169 0.0046 0.0253 0.0278 0.004 0.0278 0.0358 

20240602-224713 NodeDelay: 5 NFavailability: 99.9. 2 pods if HA(99.99) else only 1 pod is onboard
0.0006 0.0012 0.0019 0.0006 0.0011 0.0019 0.0044 0.0063 0.008 0.0043 0.0064 0.0081 
0.0006 0.0019 0.0026 0.0007 0.0019 0.0028 0.0044 0.0079 0.0099 0.0041 0.0072 0.0093 
0.0007 0.0025 0.0032 0.0008 0.0029 0.0038 0.0045 0.009 0.0112 0.0043 0.0086 0.0112 
0.0007 0.0029 0.0037 0.0009 0.0036 0.0046 0.0044 0.0096 0.012 0.0044 0.0097 0.0125 
0.0007 0.0034 0.0042 0.0009 0.0044 0.0054 0.0044 0.0105 0.0129 0.0045 0.011 0.014 
0.0007 0.0037 0.0046 0.001 0.0051 0.0062 0.0044 0.0112 0.0137 0.0045 0.0123 0.0156 
0.0007 0.0041 0.005 0.001 0.0057 0.0068 0.0044 0.0118 0.0144 0.0044 0.0133 0.0168 
0.0007 0.0045 0.0054 0.001 0.0064 0.0076 0.0045 0.0129 0.0154 0.0043 0.0146 0.0183 
0.0007 0.0048 0.0059 0.001 0.007 0.0082 0.0045 0.0134 0.0161 0.0042 0.0153 0.0191 
0.0007 0.0052 0.0064 0.0011 0.0074 0.0087 0.0045 0.0142 0.0169 0.0042 0.016 0.02 
0.0007 0.0056 0.0068 0.0011 0.0079 0.0092 0.0045 0.0151 0.0178 0.0042 0.0167 0.0209 
0.0007 0.006 0.0073 0.0011 0.0083 0.0098 0.0045 0.0157 0.0186 0.0041 0.0173 0.0218 
0.0007 0.0063 0.0077 0.0011 0.0089 0.0104 0.0046 0.0167 0.0195 0.0041 0.0179 0.0226 
0.0007 0.0067 0.0081 0.0012 0.0094 0.011 0.0045 0.0172 0.0201 0.0041 0.0189 0.0238 
0.0007 0.0071 0.0086 0.0012 0.0098 0.0113 0.0045 0.0181 0.021 0.004 0.0193 0.0244 
0.0007 0.0074 0.0089 0.0012 0.0102 0.0118 0.0044 0.0186 0.0215 0.0039 0.0198 0.0253 
0.0007 0.0081 0.0097 0.0013 0.0109 0.0127 0.0046 0.02 0.0235 0.0041 0.0213 0.0268 
0.0007 0.0083 0.01 0.0013 0.0113 0.0131 0.0045 0.0203 0.0235 0.0039 0.0217 0.0273 
0.0007 0.0086 0.0103 0.0013 0.0116 0.0135 0.0045 0.0209 0.0241 0.0039 0.0221 0.0281 
0.0007 0.0089 0.0107 0.0013 0.012 0.014 0.0045 0.0217 0.0248 0.0039 0.0227 0.0289 
0.0007 0.0096 0.0115 0.0014 0.0127 0.0148 0.0046 0.0228 0.0263 0.004 0.024 0.0304 
0.0008 0.0109 0.0132 0.0016 0.0143 0.0168 0.005 0.0258 0.0297 0.0044 0.0275 0.0344 
0.001 0.0136 0.0163 0.0019 0.0179 0.0209 0.0061 0.0324 0.0373 0.0055 0.0337 0.043 
0.0009 0.0131 0.0159 0.0018 0.017 0.02 0.0057 0.0311 0.0349 0.0049 0.0324 0.0409 
0.0009 0.013 0.0156 0.0018 0.017 0.0199 0.0055 0.0309 0.0351 0.0048 0.0322 0.0403 

