NFavailability = 99.9. 2 pods are onboard if HA(99.99) is required else only 1 pod is onboard
0.000484 0.0 0.0 0.0 0.0 0.0 
0.0 0.0 0.0 0.0 0.0 0.0 
0.0 0.0 0.0 0.0 0.0 0.0 
0.0 0.0 0.0 0.0 0.0 0.0 
0.0 0.0 0.0 0.0 0.0 0.0 
0.0 0.0 0.0 0.0 0.0 0.0 
0.0 0.0 0.0 0.0 0.0 0.0 
0.0 0.0 0.0 0.0 0.0 0.0 
0.0 0.0 0.0 0.0 0.0 0.0 
0.0 0.0 0.0 0.0 0.0 0.0 
0.0 0.0 0.0 0.0 0.0 0.0 
0.0 0.0 0.0 0.0 0.0 0.0 
0.0 0.0 0.0 0.0 0.0 0.0 
0.0 0.0 0.0 0.0 0.0 0.0 
0.0 0.0 0.0 0.0 0.0 0.0 
NFavailability = 99.9. 2 pods are onboard if HA(99.99) is required else only 1 pod is onboard
0.00062 0.0 0.0 0.0 0.0 0.0 
0.0 0.0 0.0 0.0 0.0 0.0 
0.0 0.0 0.0 0.0 0.0 0.0 
0.0 0.0 0.0 0.0 0.0 0.0 
0.0 0.0 0.0 0.0 0.0 0.0 
NFavailability = 99.9. 2 pods are onboard if HA(99.99) is required else only 1 pod is onboard
0.000534 0.0 0.0 0.0 0.0 0.0 
0.0 0.0 0.0 0.0 0.0 0.0 
0.0 0.0 0.0 0.0 0.0 0.0 
0.0 0.0 0.0 0.0 0.0 0.0 
0.0 0.0 0.0 0.0 0.0 0.0 
0.0 0.0 0.0 0.0 0.0 0.0 
NFavailability = 99.9. 2 pods are onboard if HA(99.99) is required else only 1 pod is onboard
0.290421 0.289421 0.077242 0.077242 0.08146 0.08146 
0.286787 0.287551 0.035583 0.035583 0.065787 0.065787 
0.285081 0.290343 0.016278 0.016278 0.037519 0.037519 
0.285244 0.292562 0.010537 0.010537 0.023417 0.023417 
0.285114 0.290557 0.008324 0.008324 0.017472 0.017472 
0.282084 0.291685 0.007361 0.007361 0.013565 0.013565 
0.288349 0.292885 0.00737 0.00737 0.011889 0.011889 
0.286233 0.293899 0.007407 0.007407 0.011222 0.011222 
0.289673 0.290207 0.006685 0.006685 0.010944 0.010944 
0.283883 0.295252 0.007352 0.007352 0.010759 0.010759 
0.285098 0.295783 0.007157 0.007157 0.01037 0.01037 
0.284722 0.293106 0.007324 0.007324 0.010537 0.010537 
0.284388 0.293991 0.006806 0.006806 0.010509 0.010509 
0.287158 0.295212 0.007213 0.007213 0.010463 0.010463 
0.28652 0.295231 0.007296 0.007296 0.010426 0.010426 
0.287548 0.294962 0.006861 0.006861 0.010472 0.010472 
0.285443 0.296173 0.007185 0.007185 0.010269 0.010269 
0.29063 0.295715 0.007269 0.007269 0.010444 0.010444 
0.283952 0.293779 0.007231 0.007231 0.010361 0.010361 
0.285103 0.295442 0.006583 0.006583 0.010306 0.010306 
NFavailability = 99.9. 2 pods are onboard if HA(99.99) is required else only 1 pod is onboard
NFavailability = 99.9. 2 pods are onboard if HA(99.99) is required else only 1 pod is onboard
0.286481 0.284626 0.072326 0.072326 0.074842 0.074842 
0.289704 0.287675 0.03788 0.03788 0.063074 0.063074 
0.281148 0.286804 0.017269 0.017269 0.036898 0.036898 
0.284056 0.292448 0.00987 0.00987 0.023065 0.023065 
0.283075 0.292348 0.008463 0.008463 0.018343 0.018343 
0.282724 0.291771 0.008167 0.008167 0.013741 0.013741 
0.288068 0.291256 0.007741 0.007741 0.011519 0.011519 
0.282588 0.293414 0.007148 0.007148 0.011074 0.011074 
0.285658 0.292873 0.00762 0.00762 0.01063 0.01063 
0.282276 0.293936 0.007074 0.007074 0.010593 0.010593 
0.284783 0.295129 0.006806 0.006806 0.010463 0.010463 
0.289433 0.294629 0.007019 0.007019 0.010444 0.010444 
NFavailability = 99.9. 2 pods are onboard if HA(99.99) is required else only 1 pod is onboard
NFavailability = 99.9. 2 pods are onboard if HA(99.99) is required else only 1 pod is onboard
0.289927 0.293002 0.065801 0.065801 0.075521 0.075521 
0.289247 0.295015 0.022202 0.022202 0.051683 0.051683 
0.290711 0.293642 0.013323 0.013323 0.030767 0.030767 
0.290373 0.299847 0.009678 0.009678 0.020789 0.020789 
0.287353 0.297387 0.008912 0.008912 0.015989 0.015989 
NFavailability = 99.9. 2 pods are onboard if HA(99.99) is required else only 1 pod is onboard
0.293372 0.292526 0.062193 0.062193 0.073042 0.073042 
0.289929 0.296115 0.02448 0.02448 0.053174 0.053174 
0.298353 0.297105 0.012669 0.012669 0.029478 0.029478 
0.286743 0.298365 0.009234 0.009234 0.019811 0.019811 
NFavailability = 99.9. 2 pods are onboard if HA(99.99) is required else only 1 pod is onboard
0.288094 0.282897 0.029209 0.029209 0.020555 0.020555 
0.285111 0.290537 -0.007114 -0.007114 -0.007046 -0.007046 
0.289125 0.306988 -0.006416 -0.006416 -0.004667 -0.004667 
0.286031 0.30951 -0.006111 -0.006111 -0.002702 -0.002702 
0.287002 0.309046 -0.004873 -0.004873 -0.001616 -0.001616 
NFavailability = 99.9. 2 pods are onboard if HA(99.99) is required else only 1 pod is onboard
NFavailability = 99.9. 2 pods are onboard if HA(99.99) is required else only 1 pod is onboard

NFavailability = 99.9. 2 pods are onboard if HA(99.99) is required else only 1 pod is onboard
0.2898 0.276595 0.028319 0.02831 0.019939 0.019937 
0.288674 0.296751 -0.006396 -0.006396 -0.007095 -0.007095 
0.286231 0.304194 -0.006485 -0.006485 -0.004821 -0.004816 
0.290557 0.306064 -0.005352 -0.005352 -0.002224 -0.002224 
0.284858 0.309962 -0.004564 -0.004564 -0.001792 -0.001792 
0.290931 0.308613 -0.004399 -0.004399 -0.000904 -0.000904 
NFavailability = 99.9. 2 pods are onboard if HA(99.99) is required else only 1 pod is onboard
NFavailability = 99.9. 2 pods are onboard if HA(99.99) is required else only 1 pod is onboard
0.284769 0.278641 0.029001 0.029001 0.021264 0.021264 
0.292439 0.295681 -0.006052 -0.006052 -0.006602 -0.006602 
0.286173 0.304096 -0.006822 -0.006822 -0.004163 -0.004163 
0.286928 0.307269 -0.005136 -0.005136 -0.002253 -0.002253 
0.286793 0.311131 -0.004606 -0.004606 -0.00159 -0.00159 
0.289031 0.308314 -0.004492 -0.004492 -0.001338 -0.001338 
NFavailability = 99.9. 2 pods are onboard if HA(99.99) is required else only 1 pod is onboard
0.287138 0.292662 0.06222 0.043192 0.070425 0.046065 
0.290831 0.292827 0.024756 0.01363 0.051503 0.038347 
0.292407 0.292798 0.013579 0.007941 0.028667 0.023634 
0.294976 0.296389 0.010545 0.005887 0.020311 0.018811 
0.293271 0.300469 0.008846 0.005349 0.016144 0.014022 
0.287153 0.300114 0.007954 0.005305 0.014422 0.013245 
0.294075 0.298472 0.007846 0.004668 0.012978 0.012367 
0.294141 0.301143 0.007713 0.004841 0.012689 0.012411 
0.290808 0.300793 0.008123 0.004982 0.0127 0.012178 
0.294551 0.301034 0.008036 0.004829 0.012067 0.012145 
0.294577 0.304223 0.007957 0.005185 0.012389 0.012356 
0.289629 0.301101 0.008423 0.004227 0.0125 0.012178 
0.297497 0.300152 0.007834 0.004261 0.012467 0.0121 
0.291947 0.302335 0.007401 0.005099 0.012422 0.012411 
0.286903 0.299393 0.008012 0.004793 0.012478 0.012267 
0.29284 0.304373 0.007421 0.004838 0.0125 0.012289 
0.287171 0.302745 0.007868 0.004897 0.012367 0.0123 
0.29278 0.305385 0.007578 0.005283 0.012422 0.012322 
0.289055 0.30196 0.008257 0.004619 0.012533 0.012345 
0.292433 0.304662 0.00778 0.003959 0.012644 0.012323 
0.290991 0.306579 0.007745 0.005238 0.012378 0.012489 
0.291789 0.301449 0.007301 0.005259 0.012167 0.012489 
0.290752 0.304236 0.008513 0.004793 0.012489 0.012545 
0.288938 0.302685 0.008324 0.005509 0.0124 0.012389 
0.29054 0.304137 0.008023 0.005084 0.012156 0.012367 

NFavailability = 99.9. 2 pods are onboard if HA(99.99) is required else only 1 pod is onboard

NFavailability = 99.9. 2 pods are onboard if HA(99.99) is required else only 1 pod is onboard

NFavailability = 99.9. 2 pods are onboard if HA(99.99) is required else only 1 pod is onboard

NFavailability = 99.9. 2 pods are onboard if HA(99.99) is required else only 1 pod is onboard

NFavailability = 99.9. 2 pods are onboard if HA(99.99) is required else only 1 pod is onboard

NFavailability = 99.9. 2 pods are onboard if HA(99.99) is required else only 1 pod is onboard

NFavailability = 99.9. 2 pods are onboard if HA(99.99) is required else only 1 pod is onboard
NFavailability = 99.9. 2 pods are onboard if HA(99.99) is required else only 1 pod is onboard
0.0 0.0 0.0 0.0 0.0 0.0 
0.0 0.0 0.0 0.0 0.0 0.0 
0.0 0.0 0.0 0.0 0.0 0.0 
0.0 0.0 0.0 0.0 0.0 0.0 
0.0 0.0 0.0 0.0 0.0 0.0 
0.0 0.0 0.0 0.0 0.0 0.0 
0.0 0.0 0.0 0.0 0.0 0.0 
0.0 0.0 0.0 0.0 0.0 0.0 
0.0 0.0 0.0 0.0 0.0 0.0 
0.0 0.0 0.0 0.0 0.0 0.0 
0.0 0.0 0.0 0.0 0.0 0.0 
0.0 0.0 0.0 0.0 0.0 0.0 
0.0 0.0 0.0 0.0 0.0 0.0 
0.0 0.0 0.0 0.0 0.0 0.0 
0.0 0.0 0.0 0.0 0.0 0.0 
0.0 0.0 0.0 0.0 0.0 0.0 
0.0 0.0 0.0 0.0 0.0 0.0 
0.0 0.0 0.0 0.0 0.0 0.0 
0.0 0.0 0.0 0.0 0.0 0.0 
0.0 0.0 0.0 0.0 0.0 0.0 
0.0 0.0 0.0 0.0 0.0 0.0 
0.0 0.0 0.0 0.0 0.0 0.0 
0.0 0.0 0.0 0.0 0.0 0.0 
0.0 0.0 0.0 0.0 0.0 0.0 
0.0 0.0 0.0 0.0 0.0 0.0 

NFavailability = 99.9. 2 pods are onboard if HA(99.99) is required else only 1 pod is onboard
NFavailability = 99.9. 2 pods are onboard if HA(99.99) is required else only 1 pod is onboard
0.0 0.0 0.0 0.0 0.0 0.0 
0.0 0.0 0.0 0.0 0.0 0.0 
0.0 0.0 0.0 0.0 0.0 0.0 
0.0 0.0 0.0 0.0 0.0 0.0 
0.0 0.0 0.0 0.0 0.0 0.0 
0.0 0.0 0.0 0.0 0.0 0.0 
0.0 0.0 0.0 0.0 0.0 0.0 
0.0 0.0 0.0 0.0 0.0 0.0 
0.0 0.0 0.0 0.0 0.0 0.0 
0.0 0.0 0.0 0.0 0.0 0.0 
0.0 0.0 0.0 0.0 0.0 0.0 
0.0 0.0 0.0 0.0 0.0 0.0 
0.0 0.0 0.0 0.0 0.0 0.0 
0.0 0.0 0.0 0.0 0.0 0.0 
0.0 0.0 0.0 0.0 0.0 0.0 
0.0 0.0 0.0 0.0 0.0 0.0 
0.0 0.0 0.0 0.0 0.0 0.0 
0.0 0.0 0.0 0.0 0.0 0.0 
0.0 0.0 0.0 0.0 0.0 0.0 
0.0 0.0 0.0 0.0 0.0 0.0 
0.0 0.0 0.0 0.0 0.0 0.0 
0.0 0.0 0.0 0.0 0.0 0.0 
0.0 0.0 0.0 0.0 0.0 0.0 
0.0 0.0 0.0 0.0 0.0 0.0 
0.0 0.0 0.0 0.0 0.0 0.0 
0.0 0.0 0.0 0.0 0.0 0.0 

NFavailability = 99.9. 2 pods are onboard if HA(99.99) is required else only 1 pod is onboard
NFavailability = 99.9. 2 pods are onboard if HA(99.99) is required else only 1 pod is onboard
0.0 0.0 0.0 0.0 0.0 0.0 
0.0 0.0 0.0 0.0 0.0 0.0 
0.0 0.0 0.0 0.0 0.0 0.0 
0.0 0.0 0.0 0.0 0.0 0.0 
0.0 0.0 0.0 0.0 0.0 0.0 
0.0 0.0 0.0 0.0 0.0 0.0 
0.0 0.0 0.0 0.0 0.0 0.0 
0.0 0.0 0.0 0.0 0.0 0.0 
0.0 0.0 0.0 0.0 0.0 0.0 
0.0 0.0 0.0 0.0 0.0 0.0 
0.0 0.0 0.0 0.0 0.0 0.0 
0.0 0.0 0.0 0.0 0.0 0.0 
0.0 0.0 0.0 0.0 0.0 0.0 
0.0 0.0 0.0 0.0 0.0 0.0 
0.0 0.0 0.0 0.0 0.0 0.0 
0.0 0.0 0.0 0.0 0.0 0.0 
0.0 0.0 0.0 0.0 0.0 0.0 
0.0 0.0 0.0 0.0 0.0 0.0 
0.0 0.0 0.0 0.0 0.0 0.0 
0.0 0.0 0.0 0.0 0.0 0.0 
0.0 0.0 0.0 0.0 0.0 0.0 
0.0 0.0 0.0 0.0 0.0 0.0 
0.0 0.0 0.0 0.0 0.0 0.0 
0.0 0.0 0.0 0.0 0.0 0.0 
0.0 0.0 0.0 0.0 0.0 0.0 

NFavailability = 99.9. 2 pods are onboard if HA(99.99) is required else only 1 pod is onboard
0.0 0.0 0.0 0.0 0.0 0.0 
0.0 0.0 0.0 0.0 0.0 0.0 
0.0 0.0 0.0 0.0 0.0 0.0 
0.0 0.0 0.0 0.0 0.0 0.0 
0.0 0.0 0.0 0.0 0.0 0.0 
0.0 0.0 0.0 0.0 0.0 0.0 
0.0 0.0 0.0 0.0 0.0 0.0 
0.0 0.0 0.0 0.0 0.0 0.0 
0.0 0.0 0.0 0.0 0.0 0.0 
0.0 0.0 0.0 0.0 0.0 0.0 
0.0 0.0 0.0 0.0 0.0 0.0 
0.0 0.0 0.0 0.0 0.0 0.0 
0.0 0.0 0.0 0.0 0.0 0.0 
0.0 0.0 0.0 0.0 0.0 0.0 
0.0 0.0 0.0 0.0 0.0 0.0 
0.0 0.0 0.0 0.0 0.0 0.0 
0.0 0.0 0.0 0.0 0.0 0.0 
0.0 0.0 0.0 0.0 0.0 0.0 
0.0 0.0 0.0 0.0 0.0 0.0 
0.0 0.0 0.0 0.0 0.0 0.0 
0.0 0.0 0.0 0.0 0.0 0.0 
0.0 0.0 0.0 0.0 0.0 0.0 
0.0 0.0 0.0 0.0 0.0 0.0 
0.0 0.0 0.0 0.0 0.0 0.0 
0.0 0.0 0.0 0.0 0.0 0.0 

NFavailability = 99.9. 2 pods are onboard if HA(99.99) is required else only 1 pod is onboard

NFavailability = 99.9. 2 pods are onboard if HA(99.99) is required else only 1 pod is onboard
NFavailability = 99.9. 2 pods are onboard if HA(99.99) is required else only 1 pod is onboard
NFavailability = 99.9. 2 pods are onboard if HA(99.99) is required else only 1 pod is onboard

NFavailability = 99.9. 2 pods are onboard if HA(99.99) is required else only 1 pod is onboard
0.0 0.0 0.0 0.0 0.0 0.0 
0.0 0.0 0.0 0.0 0.0 0.0 
0.0 0.0 0.0 0.0 0.0 0.0 
0.0 0.0 0.0 0.0 0.0 0.0 
0.0 0.0 0.0 0.0 0.0 0.0 
0.0 0.0 0.0 0.0 0.0 0.0 
0.0 0.0 0.0 0.0 0.0 0.0 
0.0 0.0 0.0 0.0 0.0 0.0 
0.0 0.0 0.0 0.0 0.0 0.0 
0.0 0.0 0.0 0.0 0.0 0.0 
0.0 0.0 0.0 0.0 0.0 0.0 
0.0 0.0 0.0 0.0 0.0 0.0 
0.0 0.0 0.0 0.0 0.0 0.0 
NFavailability = 99.9. 2 pods are onboard if HA(99.99) is required else only 1 pod is onboard
NFavailability = 99.9. 2 pods are onboard if HA(99.99) is required else only 1 pod is onboard
NFavailability = 99.9. 2 pods are onboard if HA(99.99) is required else only 1 pod is onboard

NFavailability = 99.9. 2 pods are onboard if HA(99.99) is required else only 1 pod is onboard
0.292539 0.288373 0.060813 0.037157 0.069807 0.04239 
0.291904 0.289918 0.024368 0.014018 0.05192 0.036405 
0.288719 0.299365 0.013512 0.007125 0.03 0.023856 
0.290919 0.30111 0.008689 0.005102 0.021 0.017922 
0.296445 0.299632 0.008546 0.005199 0.016089 0.014745 
0.289895 0.29898 0.0086 0.005807 0.013822 0.012712 
0.292097 0.300777 0.008091 0.004916 0.012989 0.0127 
0.293034 0.29932 0.007912 0.004886 0.012433 0.012112 
0.292839 0.299377 0.007823 0.005284 0.012444 0.012434 
0.289419 0.303203 0.007856 0.004905 0.012356 0.012156 
0.288722 0.304336 0.008201 0.002898 0.012422 0.012289 
NFavailability = 99.9. 2 pods are onboard if HA(99.99) is required else only 1 pod is onboard
0.288076 0.289213 0.062144 0.042066 0.075142 0.046772 
0.295186 0.294215 0.024813 0.014637 0.051015 0.036289 
0.289172 0.296978 0.013523 0.006646 0.0315 0.02599 
0.291254 0.29845 0.010324 0.007335 0.020922 0.018479 
NFavailability = 99.9. 2 pods are onboard if HA(99.99) is required else only 1 pod is onboard
0.289519 0.291432 0.059848 0.0414 0.067654 0.04268 
0.292493 0.293788 0.023368 0.012979 0.053787 0.036296 
0.289644 0.297495 0.012234 0.006583 0.027678 0.0237 
0.289737 0.30075 0.009856 0.006374 0.021856 0.018712 
0.291423 0.29693 0.008979 0.004001 0.015256 0.013744 
NFavailability = 99.9. 2 pods are onboard if HA(99.99) is required else only 1 pod is onboard
NFavailability = 99.9. 2 pods are onboard if HA(99.99) is required else only 1 pod is onboard
0.2999 0.296534 0.026603 0.013867 0.052067 0.034069 
0.294506 0.30303 0.011402 0.007595 0.022733 0.019002 
0.296605 0.302525 0.008733 0.003785 0.014467 0.012267 
0.285101 0.300246 0.008069 0.005534 0.012933 0.012935 
0.287869 0.302123 0.008801 0.006857 0.012467 0.0122 
NFavailability = 99.9. 2 pods are onboard if HA(99.99) is required else only 1 pod is onboard
NFavailability = 99.9. 2 pods are onboard if HA(99.99) is required else only 1 pod is onboard
0.294744 0.299582 0.024469 0.014265 0.053467 0.039867 
0.283461 0.302299 0.010201 0.005728 0.020533 0.0164 
0.28946 0.298555 0.008735 0.003728 0.014533 0.013268 
0.294982 0.30525 0.0082 0.004727 0.012667 0.011868 
0.290525 0.302539 0.007531 0.006529 0.012067 0.011333 
NFavailability = 99.9. 2 pods are onboard if HA(99.99) is required else only 1 pod is onboard
NFavailability = 99.9. 2 pods are onboard if HA(99.99) is required else only 1 pod is onboard
NFavailability = 99.9. 2 pods are onboard if HA(99.99) is required else only 1 pod is onboard
NFavailability = 99.9. 2 pods are onboard if HA(99.99) is required else only 1 pod is onboard
0.265276 0.280873 0.023001 0.01759 0.051333 0.039133 
0.265452 0.295547 0.008602 0.004655 0.017933 0.017793 
0.268882 0.297699 0.007533 0.004332 0.0134 0.014267 
0.270152 0.296912 0.005533 0.002116 0.011533 0.011067 
0.264419 0.296993 0.0084 0.001566 0.011933 0.012867 
0.264211 0.307332 0.006202 0.002981 0.012067 0.0124 
0.27655 0.302692 0.007333 0.001157 0.0126 0.0124 
0.272583 0.302727 0.006133 0.003664 0.012067 0.012133 
NFavailability = 99.9. 2 pods are onboard if HA(99.99) is required else only 1 pod is onboard
0.266577 0.081226 0.07365 0.266844 0.091146 0.079078 0.266652 0.081226 0.073575 0.266844 0.091146 0.079033 
NFavailability = 99.9. 2 pods are onboard if HA(99.99) is required else only 1 pod is onboard
0.263936 0.086636 0.06944 0.268915 0.093834 0.082285 0.263936 0.086586 0.069459 0.268926 0.093866 0.082224 
NFavailability = 99.9. 2 pods are onboard if HA(99.99) is required else only 1 pod is onboard
20240525-160703 NFavailability = 99.9. 2 pods are onboard if HA(99.99) is required else only 1 pod is onboard
0.267301 0.083055 0.072853 0.272601 0.091117 0.080432 0.267185 0.083077 0.072809 0.272513 0.091161 0.080465 
20240525-161037 NFavailability = 99.9. 2 pods are onboard if HA(99.99) is required else only 1 pod is onboard
20240525-161147 NFavailability = 99.9. 2 pods are onboard if HA(99.99) is required else only 1 pod is onboard
20240525-161407 NFavailability = 99.9. 2 pods are onboard if HA(99.99) is required else only 1 pod is onboard
0.288909 0.058787 0.040164 0.289889 0.070414 0.044417 0.267671 0.082311 0.071915 0.266765 0.092832 0.081495 
0.292317 0.026979 0.015199 0.292531 0.053605 0.039647 0.268745 0.0308 0.020759 0.283771 0.055178 0.044246 
0.290428 0.013647 0.007741 0.302648 0.031689 0.024779 0.269175 0.013444 0.005387 0.29842 0.031967 0.028712 
0.291876 0.010334 0.005079 0.297892 0.019856 0.016734 0.268297 0.009144 0.005065 0.295836 0.020522 0.019278 
0.293691 0.008234 0.005192 0.298931 0.015533 0.013922 0.268281 0.007289 0.003857 0.29735 0.015789 0.015644 
0.295463 0.0078 0.004845 0.297422 0.013556 0.012711 0.267566 0.006066 0.002995 0.295946 0.013856 0.013433 
0.289123 0.008024 0.005584 0.299743 0.012867 0.0123 0.26364 0.007256 0.002481 0.298421 0.012889 0.012433 
0.291295 0.007557 0.003857 0.30595 0.011978 0.011812 0.265018 0.006223 0.003218 0.304721 0.012056 0.012278 
0.293236 0.008313 0.004217 0.300757 0.012467 0.012412 0.268186 0.006711 0.003008 0.299635 0.012411 0.0125 
0.296876 0.008012 0.004304 0.300843 0.012556 0.012133 0.273557 0.006599 0.003418 0.29982 0.012422 0.012433 
0.289039 0.007591 0.005254 0.300459 0.012344 0.012367 0.268285 0.006632 0.002994 0.299336 0.012156 0.012378 
0.290112 0.007846 0.004482 0.301178 0.012522 0.0122 0.267433 0.007134 0.00351 0.300383 0.012389 0.012556 
0.288412 0.007912 0.004994 0.301566 0.012389 0.012367 0.264655 0.006711 0.003472 0.300582 0.012322 0.012378 
0.289645 0.008079 0.005149 0.302487 0.012544 0.0125 0.265115 0.007222 0.00419 0.30147 0.012367 0.0122 
0.291834 0.007246 0.00429 0.302163 0.012467 0.012434 0.268394 0.006289 0.002469 0.301357 0.012356 0.012289 
0.289357 0.006789 0.00506 0.303736 0.012344 0.012322 0.266276 0.006468 0.003917 0.302819 0.012356 0.0123 
0.285829 0.007568 0.005395 0.303653 0.012233 0.01229 0.266471 0.006834 0.00351 0.3025 0.0124 0.012245 
0.288112 0.007301 0.004729 0.305957 0.012556 0.012489 0.265323 0.006789 0.002098 0.30529 0.012333 0.012089 
0.28887 0.007246 0.004611 0.30394 0.012267 0.012556 0.264194 0.006632 0.003115 0.302725 0.012367 0.012422 
0.288537 0.007622 0.00512 0.304103 0.012278 0.012523 0.266452 0.005822 0.002681 0.303154 0.012322 0.012433 
0.29167 0.007324 0.004327 0.305109 0.012411 0.012489 0.271206 0.006978 0.002581 0.304104 0.012411 0.012267 
0.293841 0.007858 0.004168 0.302283 0.012167 0.01239 0.26935 0.006033 0.002809 0.301582 0.012156 0.012289 
0.293444 0.007312 0.005201 0.30298 0.012422 0.012367 0.269463 0.005945 0.002921 0.302339 0.012489 0.012189 
0.290283 0.008269 0.005149 0.301246 0.012389 0.012556 0.266736 0.006378 0.003353 0.300386 0.012356 0.0122 
0.296859 0.007613 0.005008 0.304824 0.012267 0.012489 0.271801 0.0068 0.00281 0.303983 0.012156 0.012411 

20240525-200216 NFavailability = 99.9. 2 pods are onboard if HA(99.99) is required else only 1 pod is onboard
0.291603 0.064217 0.042319 0.292576 0.075517 0.046613 0.291439 0.068295 0.052828 0.292576 0.081317 0.059946 
0.296017 0.024058 0.013197 0.292625 0.051651 0.038318 0.295875 0.025713 0.017337 0.292625 0.052251 0.040353 
0.291783 0.012578 0.006846 0.295495 0.030256 0.024344 0.291531 0.012612 0.008284 0.295495 0.030622 0.024967 
0.290346 0.00998 0.00595 0.294614 0.0205 0.017845 0.289955 0.010379 0.006907 0.294614 0.020556 0.018045 
0.29273 0.008723 0.005629 0.299714 0.016456 0.014534 0.292595 0.008279 0.006163 0.299714 0.016411 0.014712 
0.295347 0.008256 0.00486 0.299908 0.014133 0.012534 0.294984 0.008134 0.006173 0.299908 0.014156 0.012678 
0.288126 0.008168 0.004081 0.298282 0.013522 0.012256 0.287674 0.008479 0.004726 0.298282 0.0135 0.012211 
0.2944 0.008034 0.005711 0.299076 0.012656 0.012244 0.294117 0.008123 0.006409 0.299076 0.012645 0.012267 
0.288129 0.008111 0.004303 0.299922 0.012322 0.011945 0.288073 0.007855 0.006074 0.299922 0.012289 0.011979 
0.286011 0.008169 0.004606 0.304257 0.012478 0.012122 0.285868 0.008179 0.005653 0.304257 0.012478 0.012111 
0.292761 0.008279 0.005118 0.299143 0.012467 0.012434 0.292582 0.008268 0.005877 0.299143 0.012467 0.012423 
0.295412 0.007712 0.005307 0.302142 0.012389 0.012189 0.295416 0.00769 0.005817 0.302142 0.012389 0.012178 
0.292507 0.008091 0.004808 0.304319 0.012256 0.012178 0.29224 0.007701 0.005383 0.304319 0.012256 0.012178 
0.290158 0.007877 0.004216 0.301395 0.012422 0.012411 0.290025 0.008134 0.005587 0.301395 0.012422 0.012411 
0.295735 0.007812 0.004559 0.302569 0.012489 0.012001 0.295459 0.007956 0.005765 0.302569 0.012489 0.012012 
0.289276 0.007457 0.005069 0.302562 0.012556 0.012322 0.289153 0.007667 0.005537 0.302562 0.012544 0.012322 
0.29353 0.007891 0.004261 0.30125 0.012144 0.012389 0.29353 0.007891 0.005161 0.30125 0.012144 0.012389 
0.291791 0.008068 0.00407 0.303236 0.012422 0.012156 0.291347 0.007667 0.005473 0.303236 0.012422 0.012156 
0.291146 0.007891 0.004939 0.303639 0.012344 0.012412 0.291018 0.008202 0.005361 0.303639 0.012344 0.012434 
0.295448 0.008234 0.005896 0.301031 0.012222 0.012445 0.295353 0.007912 0.006688 0.301031 0.012222 0.012445 
0.289083 0.007479 0.003761 0.303412 0.012489 0.0124 0.288938 0.007345 0.005259 0.303412 0.012489 0.0124 
0.295743 0.008146 0.004934 0.304474 0.012222 0.012567 0.295451 0.008346 0.005422 0.304474 0.012222 0.012567 
0.290773 0.007958 0.004394 0.303293 0.012322 0.012411 0.290861 0.007523 0.00525 0.303293 0.012322 0.012411 
0.288844 0.00818 0.004795 0.301465 0.012156 0.012267 0.288715 0.007946 0.005537 0.301465 0.012156 0.012267 
0.293853 0.007667 0.0044 0.303044 0.012422 0.0124 0.293571 0.007578 0.005664 0.303044 0.012422 0.0124 

20240528-190540 NodeDelay: 5 NFavailability: 99.9. 2 pods if HA(99.99) else only 1 pod is onboard
0.293604 0.063026 0.043257 0.294152 0.073191 0.044477 0.287575 0.07655 0.066448 0.288586 0.090339 0.078568 
0.290318 0.025723 0.014133 0.295699 0.051723 0.037323 0.284315 0.028134 0.018845 0.294633 0.052178 0.044044 
0.288338 0.013825 0.007458 0.294591 0.030089 0.023911 0.282835 0.013144 0.008385 0.294127 0.030322 0.02689 
0.292019 0.009122 0.005418 0.296544 0.021322 0.018211 0.285846 0.008999 0.006871 0.296544 0.021989 0.020034 
0.29155 0.00909 0.004557 0.297767 0.015578 0.014167 0.284064 0.008767 0.004686 0.297722 0.0157 0.015122 
0.290654 0.008368 0.004656 0.298958 0.013822 0.012723 0.283567 0.007721 0.003612 0.298958 0.014 0.013167 
0.287337 0.007778 0.004234 0.295638 0.013156 0.011933 0.280269 0.007834 0.003788 0.295638 0.013056 0.0127 
0.286197 0.007879 0.005407 0.303088 0.012467 0.011945 0.280303 0.007011 0.004432 0.303088 0.012578 0.012056 
0.290713 0.0085 0.004837 0.297198 0.012678 0.012133 0.285578 0.008333 0.005413 0.297198 0.012767 0.012211 
0.287556 0.007869 0.004517 0.301339 0.012644 0.012411 0.282679 0.007358 0.004022 0.301339 0.012522 0.012423 
0.289665 0.007935 0.005252 0.305858 0.012422 0.012456 0.283227 0.007367 0.003834 0.305858 0.0124 0.012256 
0.28411 0.0081 0.004391 0.304142 0.012389 0.0122 0.279626 0.007433 0.004172 0.304142 0.012522 0.012123 
0.289491 0.007524 0.004795 0.30049 0.0127 0.012256 0.283696 0.007656 0.004404 0.30049 0.0127 0.012289 
0.292775 0.007845 0.004784 0.302472 0.012444 0.012078 0.286665 0.007857 0.004047 0.302472 0.012444 0.012089 
0.289546 0.00817 0.005018 0.303599 0.012389 0.012333 0.284236 0.00729 0.004432 0.303599 0.012456 0.012356 
0.289597 0.007834 0.005587 0.303553 0.012467 0.012289 0.284087 0.007334 0.004911 0.303553 0.012389 0.0122 
0.286239 0.0078 0.00389 0.300857 0.012489 0.0124 0.280588 0.007278 0.003727 0.300857 0.012444 0.012456 
0.290525 0.008313 0.005517 0.304957 0.0125 0.012444 0.284188 0.007356 0.004153 0.304957 0.012478 0.012544 
0.285406 0.008223 0.006129 0.303935 0.012411 0.012234 0.281477 0.007177 0.004855 0.303935 0.012433 0.012345 
0.287012 0.007533 0.004464 0.303283 0.012422 0.0125 0.279375 0.00701 0.004607 0.303283 0.012456 0.012511 
0.293368 0.008413 0.004773 0.302895 0.012478 0.012378 0.286591 0.007656 0.0036 0.302895 0.0125 0.012389 
0.295248 0.007979 0.005259 0.305331 0.012322 0.012489 0.2864 0.007133 0.004607 0.305331 0.012356 0.012545 
0.286409 0.007924 0.005329 0.301952 0.012478 0.012344 0.282334 0.006978 0.004508 0.301952 0.012433 0.012378 
0.295877 0.008068 0.00492 0.301814 0.012389 0.012367 0.291251 0.007234 0.004644 0.301814 0.012433 0.012378 
0.290606 0.007968 0.005272 0.303982 0.0125 0.012445 0.284977 0.006944 0.004734 0.303982 0.012489 0.012456 

20240530-065512 NodeDelay: 5 NFavailability: 99.9. 2 pods if HA(99.99) else only 1 pod is onboard
0.293538 0.064881 0.064881 0.291696 0.075499 0.075499 0.287318 0.079314 0.079314 0.286899 0.089824 0.089824 
0.286707 0.022969 0.022969 0.294943 0.053326 0.053326 0.281609 0.026423 0.026423 0.294293 0.053748 0.053748 
0.297742 0.014001 0.014001 0.298322 0.031133 0.031133 0.291431 0.015123 0.015123 0.298243 0.031033 0.031033 
0.291865 0.009723 0.009723 0.295521 0.020633 0.020633 0.285307 0.009378 0.009378 0.295521 0.021367 0.021367 
0.288641 0.009023 0.009023 0.298417 0.015522 0.015522 0.283879 0.008267 0.008267 0.298365 0.015689 0.015689 
0.29386 0.008379 0.008379 0.29695 0.013811 0.013811 0.287397 0.007478 0.007478 0.29695 0.013989 0.013989 
0.289402 0.007501 0.007501 0.300879 0.012589 0.012589 0.283577 0.006989 0.006989 0.300879 0.0128 0.0128 
0.292683 0.007646 0.007646 0.302196 0.012733 0.012733 0.286615 0.007623 0.007623 0.302196 0.012833 0.012833 
0.286523 0.007824 0.007824 0.29964 0.012267 0.012267 0.280345 0.007557 0.007557 0.29964 0.012467 0.012467 
20240530-073120 NodeDelay: 5 NFavailability: 99.9. 2 pods if HA(99.99) else only 1 pod is onboard
20240530-085601 NodeDelay: 5 NFavailability: 99.9. 2 pods if HA(99.99) else only 1 pod is onboard

20240530-085653 NodeDelay: 5 NFavailability: 99.9. 2 pods if HA(99.99) else only 1 pod is onboard

20240530-085721 NodeDelay: 5 NFavailability: 99.9. 2 pods if HA(99.99) else only 1 pod is onboard
20240530-091043 NodeDelay: 5 NFavailability: 99.9. 2 pods if HA(99.99) else only 1 pod is onboard
20240530-091857 NodeDelay: 5 NFavailability: 99.9. 2 pods if HA(99.99) else only 1 pod is onboard
20240530-092206 NodeDelay: 5 NFavailability: 99.9. 2 pods if HA(99.99) else only 1 pod is onboard
20240530-092215 NodeDelay: 5 NFavailability: 99.9. 2 pods if HA(99.99) else only 1 pod is onboard
20240530-092255 NodeDelay: 5 NFavailability: 99.9. 2 pods if HA(99.99) else only 1 pod is onboard
0.291813 0.061702 0.041571 0.294525 0.072248 0.045014 0.0 0.0 0.0 0.0 0.0 0.0 
0.290168 0.025824 0.014855 0.292995 0.052367 0.038395 0.0 0.0 0.0 0.0 0.0 0.0 
20240530-092344 NodeDelay: 5 NFavailability: 99.9. 2 pods if HA(99.99) else only 1 pod is onboard
20240530-092637 NodeDelay: 5 NFavailability: 99.9. 2 pods if HA(99.99) else only 1 pod is onboard
0.290628 0.061491 0.041424 0.293512 0.071896 0.045911 0.284593 0.066665 0.069653 0.285253 0.071675 0.079867 
0.291185 0.024058 0.012894 0.294582 0.055055 0.039476 0.286627 0.017232 0.023346 0.297073 0.035068 0.04951 
0.288638 0.0131 0.007651 0.29875 0.032111 0.026145 0.283798 0.009305 0.011339 0.307663 0.025947 0.029389 
0.287531 0.009723 0.005937 0.296504 0.020111 0.017645 0.284625 0.006347 0.008195 0.31113 0.016778 0.0195 
0.292449 0.009278 0.005084 0.298191 0.015344 0.013956 0.286395 0.005881 0.007787 0.312524 0.014 0.014845 
0.288675 0.008335 0.005794 0.300761 0.013678 0.012734 0.283233 0.004276 0.007561 0.316941 0.012312 0.013211 
0.290896 0.008479 0.00529 0.300553 0.012978 0.012433 0.284281 0.004622 0.006853 0.318044 0.012145 0.012489 
0.293107 0.00818 0.004799 0.299377 0.012778 0.012223 0.28774 0.004814 0.006041 0.31697 0.012267 0.012411 
0.292558 0.007645 0.004572 0.302896 0.012467 0.012144 0.287255 0.004259 0.006353 0.322373 0.012245 0.012267 
0.291537 0.007756 0.004783 0.296244 0.012589 0.012256 0.285297 0.00314 0.006283 0.315348 0.012045 0.0124 
0.29078 0.007656 0.006331 0.301226 0.012378 0.012445 0.286204 0.00488 0.006664 0.321576 0.012522 0.012445 
0.293834 0.007734 0.005644 0.299992 0.0125 0.012378 0.290302 0.004423 0.006963 0.319971 0.012423 0.012434 
0.294885 0.007212 0.004933 0.302675 0.012456 0.012323 0.289649 0.004021 0.006631 0.321514 0.012444 0.012556 
0.295332 0.008135 0.004718 0.300876 0.012389 0.012334 0.290201 0.00326 0.006685 0.319808 0.0123 0.012345 
0.287336 0.008045 0.00458 0.305692 0.0123 0.012256 0.284115 0.004118 0.006955 0.325325 0.0123 0.012278 
0.292995 0.008212 0.004472 0.299696 0.012644 0.012467 0.290687 0.004942 0.006155 0.319315 0.012522 0.012433 
0.290697 0.008178 0.004996 0.303521 0.012378 0.012412 0.285428 0.004079 0.006683 0.322323 0.012456 0.012267 
0.294364 0.008146 0.005473 0.306569 0.012344 0.012367 0.28642 0.003095 0.005587 0.32598 0.012067 0.012433 
0.296307 0.007624 0.004821 0.305655 0.012144 0.0124 0.290047 0.003644 0.006068 0.32332 0.012233 0.012311 
0.28804 0.007969 0.005183 0.301354 0.012467 0.012434 0.285252 0.004657 0.006766 0.320774 0.012244 0.012445 
0.295844 0.008201 0.005173 0.302841 0.012478 0.012233 0.290169 0.002964 0.005939 0.322203 0.012389 0.012233 
0.289268 0.007946 0.005151 0.306115 0.012556 0.0126 0.28481 0.003643 0.006241 0.32607 0.012478 0.012656 
0.295452 0.008446 0.005174 0.302418 0.012311 0.012423 0.291142 0.004077 0.006617 0.321793 0.012178 0.012534 
0.291693 0.008023 0.003832 0.303583 0.012356 0.012311 0.287743 0.003849 0.005965 0.323738 0.012278 0.012289 
0.290975 0.007778 0.00457 0.305056 0.012133 0.012412 0.28571 0.003386 0.006183 0.325082 0.011978 0.01239 

20240530-100902 NodeDelay: 10 NFavailability: 99.9. 2 pods if HA(99.99) else only 1 pod is onboard
0.291412 0.059041 0.041026 0.287065 0.068493 0.043552 0.274686 0.098914 0.087189 0.268712 0.097778 0.098191 
0.287182 0.025346 0.013917 0.295003 0.051936 0.036905 0.274127 0.025216 0.025732 0.295994 0.043291 0.049713 
0.29043 0.012734 0.007494 0.293235 0.031022 0.024234 0.27291 0.009947 0.010098 0.301503 0.026111 0.030211 
0.289308 0.009823 0.00521 0.2958 0.021022 0.017623 0.274537 0.005749 0.007243 0.309125 0.0195 0.020767 
0.289663 0.009035 0.005034 0.301396 0.015522 0.013678 0.27242 0.004749 0.006011 0.31558 0.014133 0.015822 
0.292224 0.009045 0.004502 0.300796 0.013789 0.012845 0.275021 0.003714 0.00555 0.317377 0.013344 0.014533 
0.288584 0.008034 0.004985 0.300245 0.013533 0.0126 0.272855 0.004032 0.005732 0.317505 0.012911 0.013756 
0.289536 0.007946 0.004815 0.300763 0.012667 0.011989 0.274573 0.005465 0.005163 0.318849 0.011967 0.012867 
0.288471 0.007568 0.004895 0.300471 0.012189 0.012 0.27523 0.005106 0.006499 0.318965 0.012189 0.012444 
0.287335 0.008279 0.004327 0.30131 0.012356 0.012245 0.271757 0.004476 0.005431 0.319742 0.012167 0.012556 
0.290706 0.008103 0.005574 0.300109 0.012322 0.012523 0.269697 0.004186 0.005107 0.319969 0.012222 0.012389 
0.289559 0.007346 0.004623 0.301877 0.012333 0.012456 0.272017 0.004691 0.005908 0.321371 0.012033 0.012411 
0.288695 0.008201 0.005655 0.301414 0.012511 0.012478 0.274325 0.004669 0.005819 0.320686 0.0121 0.012422 
0.293917 0.0076 0.005261 0.301778 0.012389 0.012334 0.27699 0.005663 0.005796 0.320921 0.012144 0.012333 
0.286864 0.008424 0.005399 0.305045 0.012289 0.0124 0.27597 0.005471 0.005354 0.324026 0.012044 0.012222 
0.292791 0.007779 0.004797 0.299774 0.012389 0.012278 0.277725 0.005536 0.006311 0.319371 0.012033 0.012544 
0.295073 0.00817 0.004402 0.304459 0.012422 0.012489 0.27821 0.003967 0.005487 0.323452 0.012233 0.012456 
0.29161 0.007922 0.004877 0.301441 0.012411 0.012423 0.275511 0.005121 0.005854 0.320004 0.0121 0.012478 
0.288367 0.00789 0.005306 0.304258 0.012378 0.0124 0.271411 0.003674 0.006444 0.322531 0.012267 0.0123 
0.289508 0.007602 0.004563 0.300371 0.012422 0.012356 0.273163 0.004119 0.004921 0.320475 0.012489 0.0125 
0.291165 0.00799 0.004483 0.303316 0.012456 0.012345 0.273036 0.004544 0.005698 0.322281 0.012089 0.012467 
0.29109 0.007766 0.00456 0.302618 0.012489 0.012256 0.277672 0.004945 0.004796 0.322362 0.012256 0.0125 
0.291064 0.007623 0.004718 0.304231 0.0124 0.012534 0.274802 0.004134 0.005619 0.324142 0.012411 0.012578 
0.288156 0.007211 0.004806 0.303264 0.012444 0.012567 0.275429 0.004794 0.005743 0.323421 0.0121 0.012567 
0.289989 0.008067 0.00484 0.306992 0.012311 0.012133 0.273981 0.003726 0.005989 0.326423 0.012211 0.012445 

20240602-212508 NodeDelay: 10 NFavailability: 99.9. 2 pods if HA(99.99) else only 1 pod is onboard

20240602-213106 NodeDelay: 10 NFavailability: 99.9. 2 pods if HA(99.99) else only 1 pod is onboard

20240602-213144 NodeDelay: 10 NFavailability: 99.9. 2 pods if HA(99.99) else only 1 pod is onboard

20240602-213353 NodeDelay: 10 NFavailability: 99.9. 2 pods if HA(99.99) else only 1 pod is onboard
20240602-214010 NodeDelay: 10 NFavailability: 99.9. 2 pods if HA(99.99) else only 1 pod is onboard
0.295358 0.063111 0.042721 0.293102 0.077972 0.050543 0.277711 0.100033 0.089347 0.276845 0.100302 0.102992 
0.287964 0.023713 0.011659 0.295469 0.052231 0.038496 0.272901 0.023703 0.022712 0.297611 0.041981 0.051285 
20240602-214502 NodeDelay: 10 NFavailability: 99.9. 2 pods if HA(99.99) else only 1 pod is onboard
0.291292 0.061916 0.04194 0.290802 0.072021 0.045174 0.272427 0.099185 0.090076 0.272604 0.097289 0.097735 
0.289315 0.024956 0.013927 0.297072 0.051858 0.037079 0.27562 0.024326 0.025444 0.295537 0.043769 0.050966 
0.293222 0.013202 0.007415 0.300024 0.031611 0.026523 0.274273 0.010837 0.010728 0.308348 0.027745 0.032133 
0.292579 0.010191 0.00578 0.297024 0.021189 0.018279 0.276872 0.007395 0.007719 0.309518 0.019489 0.0224 
0.291367 0.008824 0.005404 0.300146 0.016289 0.014456 0.273661 0.004304 0.006718 0.314499 0.015256 0.017267 
0.295 0.008612 0.005908 0.30057 0.014411 0.013223 0.276865 0.004738 0.005833 0.318108 0.013478 0.015211 
0.292116 0.008035 0.005855 0.300355 0.012922 0.011789 0.272689 0.004824 0.005631 0.316816 0.012133 0.013 
0.28866 0.007934 0.00486 0.301413 0.012911 0.012423 0.274268 0.004933 0.006043 0.319456 0.012322 0.012978 
0.288001 0.007968 0.00439 0.300047 0.012422 0.0119 0.270031 0.005235 0.005628 0.317131 0.012011 0.012667 
0.289336 0.008735 0.006135 0.301169 0.012489 0.012534 0.273469 0.004694 0.006189 0.321293 0.012222 0.0126 
0.294188 0.008378 0.004917 0.304141 0.012333 0.0123 0.278028 0.003928 0.005188 0.323783 0.012144 0.012233 
0.29019 0.007679 0.005132 0.300769 0.012522 0.012445 0.275328 0.004495 0.005043 0.320257 0.012189 0.0123 
0.288772 0.007733 0.005219 0.302693 0.012444 0.012256 0.27023 0.005246 0.006031 0.320777 0.012244 0.012278 
0.295441 0.008468 0.005461 0.30188 0.012267 0.012234 0.279711 0.005379 0.005162 0.320709 0.012178 0.012233 
0.292143 0.008513 0.004538 0.303536 0.012256 0.012134 0.274806 0.005629 0.005766 0.322391 0.011978 0.012233 
0.289927 0.00749 0.00467 0.30281 0.012545 0.012211 0.273467 0.004548 0.005453 0.322197 0.011922 0.012378 
0.285886 0.008136 0.005429 0.300839 0.012433 0.012289 0.272863 0.005028 0.006466 0.320827 0.011989 0.012556 
0.290287 0.007212 0.005097 0.304187 0.012267 0.012233 0.273056 0.004862 0.005596 0.32325 0.0121 0.012489 
0.292651 0.007947 0.004071 0.305611 0.012456 0.012423 0.2744 0.004567 0.0061 0.325051 0.012089 0.0123 
0.295272 0.008702 0.005024 0.304531 0.0125 0.012556 0.278404 0.005396 0.006377 0.322673 0.012456 0.012367 
0.292021 0.007835 0.004794 0.30367 0.012556 0.012356 0.276205 0.005072 0.005552 0.32295 0.012267 0.012244 
0.289408 0.007712 0.005076 0.302791 0.012378 0.012445 0.274058 0.004815 0.004939 0.323312 0.012189 0.012422 
0.291265 0.00808 0.004429 0.304188 0.012278 0.012389 0.275909 0.005082 0.005999 0.324141 0.012378 0.0124 
0.285799 0.008113 0.00519 0.302705 0.012522 0.012523 0.27223 0.005649 0.005707 0.321898 0.012378 0.012444 
0.286734 0.007747 0.003957 0.304998 0.012289 0.012556 0.272547 0.003978 0.00532 0.325416 0.012222 0.012489 

20240602-224713 NodeDelay: 5 NFavailability: 99.9. 2 pods if HA(99.99) else only 1 pod is onboard
0.295166 0.064874 0.044032 0.294052 0.075038 0.0467 0.289981 0.074853 0.072788 0.289921 0.076612 0.08544 
0.295473 0.025024 0.013259 0.296567 0.052844 0.039893 0.290457 0.018333 0.023387 0.303136 0.037514 0.049704 
0.295248 0.013113 0.007018 0.296062 0.031756 0.027069 0.29038 0.00782 0.011175 0.306767 0.023888 0.0301 
0.287485 0.009556 0.006381 0.294768 0.019322 0.017023 0.28543 0.005031 0.00961 0.30818 0.016145 0.018511 
0.292135 0.009112 0.005689 0.299799 0.015622 0.014278 0.287519 0.003719 0.007237 0.315523 0.013767 0.014856 
0.29654 0.008046 0.005102 0.305144 0.013667 0.013501 0.291936 0.00412 0.00672 0.320011 0.013112 0.014178 
0.290082 0.008024 0.004373 0.296686 0.012934 0.012156 0.285981 0.003853 0.007217 0.315425 0.012212 0.012445 
0.292847 0.008236 0.004362 0.300635 0.0129 0.012245 0.286396 0.005159 0.006085 0.318379 0.012434 0.0126 
0.295385 0.008257 0.003801 0.301977 0.012489 0.012034 0.287169 0.004038 0.006329 0.320854 0.012034 0.012033 
0.292951 0.008124 0.005528 0.300273 0.012167 0.012223 0.285576 0.004174 0.006731 0.319949 0.012267 0.012211 
0.285409 0.008068 0.004482 0.299236 0.012344 0.012145 0.280872 0.003839 0.00653 0.318302 0.012023 0.012222 
0.290594 0.008346 0.004093 0.300537 0.012289 0.012145 0.286065 0.002519 0.005743 0.319639 0.011989 0.012244 
0.291211 0.007657 0.003806 0.299852 0.012433 0.012434 0.28825 0.00419 0.006744 0.319053 0.012267 0.012411 
0.291552 0.007668 0.005115 0.300072 0.012489 0.0123 0.286237 0.00352 0.005819 0.319505 0.012523 0.012267 
0.29266 0.007602 0.00503 0.300632 0.012422 0.012356 0.282894 0.004296 0.006451 0.318577 0.012267 0.012378 
0.292082 0.007076 0.003703 0.303258 0.012478 0.012423 0.287207 0.003395 0.00642 0.322332 0.012533 0.012356 
0.288411 0.007734 0.005005 0.300761 0.012589 0.012511 0.282823 0.004473 0.006296 0.319605 0.012533 0.012445 
0.289476 0.007969 0.005437 0.304394 0.012578 0.012334 0.28369 0.004457 0.006884 0.323137 0.012189 0.012311 
0.292007 0.007578 0.00522 0.304716 0.0124 0.012334 0.285865 0.003809 0.006197 0.323838 0.012344 0.012356 
0.289141 0.008035 0.004861 0.305986 0.012478 0.012378 0.284257 0.00329 0.006496 0.324848 0.012244 0.012334 
0.291437 0.007445 0.004768 0.305244 0.012478 0.012444 0.286014 0.004755 0.006599 0.324514 0.012478 0.012478 
0.290465 0.008222 0.00571 0.303497 0.012356 0.012267 0.283644 0.004392 0.006452 0.323426 0.012411 0.012256 
0.290015 0.008279 0.004831 0.301724 0.012411 0.012544 0.28361 0.004321 0.006008 0.322557 0.012433 0.012533 
0.289463 0.007435 0.004941 0.303708 0.012244 0.012656 0.283446 0.004042 0.00592 0.322901 0.012233 0.0127 
0.290561 0.008 0.00428 0.303865 0.012211 0.012345 0.285016 0.003212 0.005783 0.32372 0.012078 0.012389 

