25.72 21.26 21.26 21.26 21.26 21.26 21.26 21.26 21.26 
26.66 21.29 21.28 21.25 21.28 21.29 21.29 21.29 21.29 
26.12 21.22 21.07 21.3 21.32 21.01 21.06 21.07 21.01 
26.07 22.16 20.78 21.99 22.49 20.82 20.79 20.78 20.84 
26.2 22.94 21.34 22.57 23.29 21.32 21.34 21.35 21.36 
21.5 21.5 21.5 21.5 21.5 21.5 21.5 21.5 21.5 
21.06 21.06 21.06 21.06 21.06 21.06 21.06 21.06 21.06 
19.92 19.92 19.92 19.92 19.92 19.92 19.92 19.92 19.92 
20.34 20.34 20.34 20.34 20.34 20.34 20.34 20.34 20.34 
22.83 22.83 22.83 22.83 22.83 22.83 22.83 22.83 22.83 
21.27 21.27 20.9 21.67 21.27 20.9 20.9 20.9 20.9 

20.64 20.64 20.64 20.64 20.64 20.64 20.64 20.64 20.64 
20.66 20.66 20.66 20.66 20.66 20.66 20.66 20.66 20.66 
20.77 20.77 20.77 20.77 20.77 20.77 20.77 20.77 20.77 
20.85 20.85 20.85 20.85 20.85 20.85 20.85 20.85 20.85 
20.85 20.85 20.85 20.85 20.85 20.85 20.85 20.85 20.85 
31.16 23.2 23.2 23.2 23.24 23.2 23.2 23.2 23.2 
30.52 24.13 22.88 24.69 24.3 22.87 22.75 22.81 22.85 
31.19 24.18 21.28 23.97 23.93 21.3 21.28 21.31 21.35 
30.61 23.9 19.89 22.41 23.62 19.89 19.94 20.01 19.97 
30.62 24.04 19.39 22.47 23.56 19.35 19.35 19.38 19.44 
30.43 24.05 18.59 21.51 23.69 18.56 18.5 18.57 18.59 
30.9 23.98 18.21 21.38 23.49 18.09 18.16 18.19 18.19 
30.69 24.22 17.53 21.26 23.22 17.5 17.46 17.6 17.64 

26.25 19.76 19.76 19.76 19.76 19.76 19.76 19.76 19.76 
23.54 19.92 18.71 21.07 19.79 18.71 18.71 18.76 18.65 
23.27 19.0 16.12 21.29 19.53 16.15 16.03 16.03 16.16 
25.09 19.66 14.32 19.21 17.87 14.27 14.22 14.15 14.32 

25.25 18.63 18.63 18.63 18.63 18.63 18.63 18.63 18.63 
24.84 19.02 17.68 19.81 19.53 17.62 17.68 17.68 17.63 
24.15 19.62 16.52 19.96 20.12 16.63 16.4 16.47 16.58 
26.26 20.6 15.38 19.83 19.11 15.56 15.33 15.46 15.48 

24.12 17.5 17.5 17.5 17.5 17.5 17.5 17.5 17.5 
25.47 19.71 18.14 20.41 20.26 18.19 18.14 18.14 18.19 
25.05 19.86 16.58 21.44 19.75 16.5 16.49 16.54 16.54 
24.95 19.3 13.97 18.64 18.13 13.98 14.07 14.05 14.0 
24.6 19.42 13.62 18.17 18.21 13.64 13.66 13.59 13.64 
24.23 18.73 12.6 16.85 17.42 12.55 12.45 12.5 12.59 
23.76 19.02 11.95 16.2 17.38 11.85 11.85 11.9 11.95 
25.34 18.62 11.22 16.21 16.32 11.21 11.13 11.2 11.31 

26.66 19.58 19.58 19.58 19.58 19.58 19.58 19.58 19.58 
26.39 19.02 19.02 19.02 19.02 19.02 19.02 19.02 19.02 
24.96 18.61 18.23 18.9 19.26 18.23 18.23 18.23 18.23 
25.08 18.92 17.31 19.8 19.88 17.34 17.36 17.36 17.34 
23.4 18.0 15.27 19.41 18.52 15.21 15.2 15.27 15.21 
26.04 19.03 14.96 19.26 18.51 14.9 15.01 14.87 14.96 
24.83 19.08 14.08 18.31 17.78 14.15 13.97 14.0 14.1 
24.7 18.43 13.02 17.32 17.21 13.12 13.07 13.15 13.12 

25.57 18.87 18.87 18.87 18.87 18.87 18.87 18.87 18.87 
24.27 17.48 17.48 17.48 17.48 17.48 17.48 17.48 17.48 
24.51 17.97 17.74 18.34 18.37 17.74 17.74 17.74 17.74 
25.63 19.02 16.94 20.27 19.89 16.99 16.97 17.03 16.96 
24.46 18.48 15.53 19.16 19.36 15.45 15.54 15.58 15.53 
25.69 18.79 14.53 18.36 19.48 14.58 14.6 14.49 14.69 
25.14 18.8 13.84 16.63 18.95 13.77 13.73 13.76 13.82 
23.75 18.16 12.82 16.14 18.28 12.84 12.86 12.84 12.94 

24.81 17.92 17.92 17.92 17.92 17.92 17.92 17.92 17.92 
25.99 19.47 17.04 20.41 19.48 17.07 17.1 17.07 17.11 
25.24 19.25 14.84 19.0 18.68 14.8 14.8 14.89 14.76 
24.76 18.7 13.3 17.95 17.15 13.34 13.25 13.32 13.3 
26.2 19.54 12.22 17.53 16.12 12.24 12.24 12.29 12.19 

24.43 17.53 17.48 17.57 17.48 17.48 17.48 17.48 17.48 
25.5 18.46 15.63 19.72 18.81 15.67 15.59 15.66 15.68 
24.57 18.27 13.21 18.47 16.55 13.25 13.29 13.27 13.29 
24.46 19.31 11.98 18.36 15.1 11.97 11.93 12.04 11.85 
25.52 18.69 11.58 18.0 14.11 11.58 11.65 11.68 11.55 
24.36 18.29 10.48 17.24 13.63 10.6 10.47 10.63 10.55 
25.39 19.7 10.14 16.52 14.0 10.13 10.16 10.3 10.1 
25.99 18.92 9.56 15.28 12.68 9.57 9.58 9.68 9.63 

17.09 17.63 16.11 17.07 16.88 16.11 16.11 16.11 16.11 
17.35 16.8 14.18 17.68 17.87 14.18 14.18 14.18 14.18 
16.76 16.58 11.93 14.9 16.68 11.93 11.93 11.93 11.93 
16.89 16.92 10.79 14.17 15.85 10.79 10.79 10.79 10.79 
17.06 17.17 10.17 13.48 15.88 10.17 10.17 10.17 10.17 
17.8 17.41 9.56 13.39 14.84 9.56 9.56 9.56 9.56 

17.14 16.9 15.5 16.38 16.53 15.5 15.5 15.5 15.5 
17.47 17.11 13.93 17.15 18.23 13.93 13.93 13.93 13.93 
17.24 16.95 14.49 16.39 15.87 14.49 14.49 14.49 14.49 
19.23 17.86 14.71 17.54 19.61 14.71 14.71 14.71 14.71 
17.86 17.54 12.5 16.95 15.62 12.5 12.5 12.5 12.5 
16.67 16.67 10.53 15.38 14.29 10.53 10.53 10.53 10.53 
17.54 18.18 9.9 15.38 12.99 9.9 9.9 9.9 9.9 
16.95 17.54 9.35 15.87 13.16 9.35 9.35 9.35 9.35 
17.24 17.54 8.85 13.89 14.49 8.85 8.85 8.85 8.85 
16.95 16.67 8.7 13.7 13.7 8.7 8.7 8.7 8.7 

24.39 16.67 14.08 16.67 17.86 14.08 14.08 14.08 14.08 
22.22 20.0 13.51 19.61 15.87 13.7 13.89 14.08 13.51 
21.74 16.13 9.9 16.67 12.82 9.9 9.71 9.62 9.9 
24.39 17.54 9.17 14.93 13.16 9.09 9.09 9.26 9.01 
21.74 18.18 8.85 12.2 14.08 8.93 8.85 8.93 8.85 
25.0 19.23 8.2 12.35 14.93 8.33 8.4 8.4 8.33 
22.73 18.52 8.4 13.89 13.33 8.62 8.7 8.77 8.77 
25.64 19.61 7.46 13.89 12.66 7.75 7.58 7.63 7.63 

30.3 18.18 15.62 17.54 18.87 15.62 15.38 15.38 15.62 
41.67 18.18 11.63 16.39 16.39 11.63 11.49 11.49 11.63 
29.41 18.52 10.87 14.93 14.93 10.64 10.42 10.75 10.42 
31.25 17.54 9.62 13.33 14.29 9.52 9.71 9.43 9.52 
30.3 17.24 8.7 13.7 13.33 8.85 8.7 8.7 8.77 
30.3 19.23 9.17 12.2 13.7 9.17 9.52 9.01 9.62 
31.25 15.15 7.75 13.51 11.76 7.81 7.69 7.69 7.94 
32.26 18.18 7.35 13.7 11.24 7.3 7.35 7.35 7.3 

32.26 17.86 7.41 14.29 10.2 7.52 7.46 7.46 7.58 
32.26 17.86 7.35 13.89 10.0 7.46 7.41 7.35 7.46 
33.33 17.24 7.14 13.89 9.26 7.25 6.9 6.9 7.41 
27.78 16.13 6.71 14.49 8.77 6.76 6.71 6.76 6.8 
35.71 18.52 6.94 13.89 10.31 7.14 7.04 7.14 7.14 
35.71 18.52 7.25 12.82 9.9 7.19 7.46 7.87 7.35 
27.03 16.95 6.8 11.49 10.75 6.8 6.94 6.76 7.14 

28.57 16.67 13.7 14.49 18.87 13.7 13.7 13.7 13.7 13.7 13.7 
33.33 16.95 11.76 14.49 17.86 11.63 11.9 11.9 11.63 11.9 11.63 
33.33 17.24 10.42 13.7 14.93 10.53 10.31 10.75 10.31 10.31 10.53 
33.33 18.18 10.1 14.08 14.49 10.1 9.9 10.2 9.8 10.0 10.2 
26.32 16.67 8.55 13.51 12.66 8.4 8.4 8.47 8.55 8.47 8.47 
31.25 18.52 8.2 12.66 12.99 8.33 8.26 8.47 8.2 8.47 8.13 
34.48 15.62 7.69 11.49 12.66 7.75 7.81 7.81 7.81 7.81 7.81 
25.64 18.18 7.63 10.64 13.16 7.63 7.63 7.58 7.63 7.58 7.63 
31.25 17.54 7.3 10.42 13.33 7.3 7.25 7.35 7.35 7.3 7.3 
30.3 17.24 7.3 10.2 12.99 7.3 7.35 7.35 7.35 7.3 7.25 
31.25 17.86 7.09 9.9 13.51 7.14 7.14 7.25 7.19 7.14 7.19 
27.03 16.67 6.67 9.62 12.35 6.62 6.58 6.58 6.67 6.58 6.62 

32.53 17.83 14.63 18.71 17.62 14.68 14.63 14.68 14.68 14.63 14.63 
34.13 17.75 12.09 16.73 15.07 12.2 11.91 11.85 12.3 11.94 12.18 
29.81 17.07 10.45 16.61 12.93 10.49 10.39 10.36 10.61 10.3 10.54 
30.47 17.58 9.44 15.16 11.9 9.35 9.47 9.37 9.53 9.4 9.42 
33.0 17.74 8.72 14.77 11.77 8.75 8.83 8.73 8.94 8.83 8.75 
28.2 16.96 8.11 13.34 12.46 8.09 8.18 8.14 8.23 8.18 8.17 
32.51 17.68 7.96 12.8 12.73 8.01 7.99 8.05 7.97 7.97 8.05 
29.62 16.87 7.52 11.98 12.86 7.6 7.52 7.6 7.63 7.58 7.62 
30.05 17.39 7.36 11.48 12.84 7.36 7.37 7.51 7.37 7.37 7.42 
30.58 18.01 7.26 11.43 12.87 7.19 7.28 7.45 7.2 7.24 7.35 
28.96 18.14 7.0 9.73 13.27 7.0 6.97 7.06 6.96 6.95 7.02 
30.71 17.43 6.83 9.96 12.82 6.83 6.92 6.85 6.92 6.87 6.87 

34.4 28.04 28.04 28.04 28.04 28.04 28.04 28.04 28.04 28.04 28.04 
36.79 28.74 28.74 28.74 28.74 28.74 28.74 28.74 28.74 28.74 28.74 
35.01 28.04 27.51 28.04 28.34 27.51 27.51 27.51 27.51 27.51 27.51 
29.93 21.59 21.44 21.7 21.55 21.44 21.44 21.44 21.44 21.44 21.44 
31.06 23.13 21.29 23.45 22.45 21.31 21.29 21.29 21.31 21.29 21.31 
29.73 18.66 17.71 18.95 19.63 17.58 17.71 17.71 17.58 17.71 17.58 
29.64 17.86 16.37 17.95 17.77 16.39 16.36 16.36 16.39 16.35 16.39 
31.95 18.35 16.54 18.53 18.77 16.59 16.59 16.65 16.55 16.64 16.6 
30.28 17.02 14.81 16.92 18.08 14.85 14.81 14.81 14.89 14.86 14.84 
32.46 18.06 15.51 17.81 18.63 15.41 15.45 15.45 15.41 15.51 15.51 
29.75 17.55 14.51 18.03 18.34 14.55 14.46 14.5 14.56 14.46 14.59 
27.43 16.94 13.76 17.33 17.64 13.8 13.85 13.85 13.8 13.89 13.88 

14.32 14.32 14.32 14.32 14.32 14.32 14.32 14.32 14.32 14.32 14.32 
16.88 16.88 16.88 16.88 16.88 16.88 16.88 16.88 16.88 16.88 16.88 
17.68 17.68 17.68 17.68 17.68 17.68 17.68 17.68 17.68 17.68 17.68 
17.28 17.28 17.28 17.28 17.28 17.28 17.28 17.28 17.28 17.28 17.28 
16.78 16.78 16.78 16.78 16.78 16.78 16.78 16.78 16.78 16.78 16.78 
17.79 17.79 17.79 17.79 17.79 17.79 17.79 17.79 17.79 17.79 17.79 
19.68 16.12 16.12 16.12 16.12 16.12 16.12 16.12 16.12 16.12 16.12 
20.92 17.56 17.56 17.56 17.56 17.56 17.56 17.56 17.56 17.56 17.56 
21.14 17.39 17.39 17.39 17.39 17.39 17.39 17.39 17.39 17.39 17.39 
19.3 16.82 16.13 17.06 17.13 16.13 16.13 16.13 16.13 16.13 16.13 
21.34 17.45 16.03 17.95 18.27 16.03 15.51 15.51 16.03 15.54 15.42 
20.16 18.38 16.41 18.57 18.93 16.51 16.12 16.22 16.5 16.46 16.41 
21.33 19.71 15.62 19.02 19.72 15.9 15.68 15.66 15.99 15.75 15.9 
20.72 18.09 15.4 17.77 19.59 15.17 15.24 15.1 15.41 15.39 15.25 
21.28 19.17 15.03 18.2 19.56 14.94 15.19 14.95 15.1 15.12 15.08 
20.01 18.28 13.89 17.17 18.99 13.74 13.92 13.7 13.84 13.87 13.69 
18.89 18.87 14.2 18.14 17.69 14.12 14.19 14.21 14.29 14.25 14.2 
21.23 18.49 13.3 17.11 17.67 13.45 13.4 13.21 13.8 13.4 13.38 
nfAv = 90
return 2 if targetAv > 0.9 else 1
av = random.randint(80, 99)/100
20.62 17.35 17.35 17.35 17.35 17.35 17.35 17.35 17.35 17.35 17.35 
20.47 17.08 17.08 17.08 17.08 17.08 17.08 17.08 17.08 17.08 17.08 
20.56 16.94 16.93 16.94 16.93 16.92 16.93 16.93 16.92 16.93 16.93 
20.41 17.42 16.64 17.86 17.94 16.68 16.63 16.63 16.8 16.8 16.67 
20.42 19.29 17.88 20.07 19.52 17.61 17.75 17.77 17.63 17.68 17.78 
20.39 21.41 19.37 22.11 22.05 19.39 19.15 19.17 19.46 19.08 19.32 
20.74 23.67 20.37 24.67 24.58 20.52 20.36 20.35 20.61 20.55 20.29 
20.61 23.94 16.13 22.7 21.09 16.14 16.1 16.1 16.15 16.09 16.15 
20.45 24.01 15.73 20.63 22.26 15.75 15.73 15.73 15.75 15.74 15.74
nfAv = 99.9
return 3 if targetAv == 99.99 else 1

29.28 52.71 27.35 38.9 44.1 27.35 27.35 27.35 27.35 27.35 27.35 
29.44 52.26 26.73 39.44 42.54 26.73 26.73 26.73 26.73 26.73 26.73 

NFavailability = 99.9. 2 pods are onboard if HA(99.99) is required else only 1 pod is onboard

NFavailability = 99.9. 2 pods are onboard if HA(99.99) is required else only 1 pod is onboard
23.54 34.2 19.44 25.82 27.92 19.44 19.44 19.44 19.44 19.44 19.44 19.44 
24.15 35.42 20.0 27.92 30.08 20.0 20.0 20.0 20.0 20.0 20.0 20.0 
22.0 37.65 19.61 30.0 30.08 19.61 19.61 19.61 19.61 19.61 19.61 19.61 

NFavailability = 99.9. 2 pods are onboard if HA(99.99) is required else only 1 pod is onboard
26.75 34.75 20.0 29.46 29.31 20.0 20.0 20.0 20.0 20.0 20.0 20.0 
26.08 36.57 18.74 29.67 25.75 18.76 18.76 18.76 18.76 18.79 18.79 18.76 
24.2 35.23 18.49 27.46 28.42 18.52 18.52 18.52 18.52 18.52 18.52 18.52 

NFavailability = 99.9. 2 pods are onboard if HA(99.99) is required else only 1 pod is onboard
25.96 36.19 23.17 30.23 31.73 23.17 23.17 23.17 23.17 23.17 23.16 23.17 
26.0 34.24 22.54 33.0 31.96 22.54 22.54 22.54 22.54 22.57 22.57 22.54 
21.92 34.39 20.11 29.58 28.46 20.06 20.11 20.11 20.06 20.11 20.06 20.06 
25.11 34.63 20.71 31.77 27.3 20.71 20.71 20.71 20.71 20.71 20.71 20.71 
23.06 35.27 18.94 27.83 28.35 18.94 18.92 18.92 18.94 18.94 18.94 18.94 
25.37 35.57 18.66 28.85 25.87 18.64 18.66 18.66 18.64 18.66 18.64 18.64 

NFavailability = 99.9. 2 pods are onboard if HA(99.99) is required else only 1 pod is onboard
26.29 20.16 11.71 16.86 16.83 11.43 11.49 11.6 11.45 11.48 11.48 11.35 
21.73 18.98 11.16 17.28 15.87 10.94 11.06 11.27 10.91 10.97 10.96 10.86 
25.18 19.34 10.21 16.76 14.41 10.24 10.22 10.24 10.21 10.15 10.17 10.0 

NFavailability = 99.9. 2 pods are onboard if HA(99.99) is required else only 1 pod is onboard
23.47 19.04 10.87 15.9 15.65 11.04 10.87 10.91 10.95 10.8 11.04 10.8 
22.41 18.96 10.79 15.81 16.12 10.87 10.91 10.99 10.75 10.83 10.87 10.83 
24.36 20.67 10.62 15.44 15.03 10.32 10.55 10.56 10.51 10.63 10.39 10.29 

NFavailability = 99.9. 2 pods are onboard if HA(99.99) is required else only 1 pod is onboard
NFavailability = 99.9. 2 pods are onboard if HA(99.99) is required else only 1 pod is onboard

NFavailability = 99.9. 2 pods are onboard if HA(99.99) is required else only 1 pod is onboard
NFavailability = 99.9. 2 pods are onboard if HA(99.99) is required else only 1 pod is onboard
NFavailability = 99.9. 2 pods are onboard if HA(99.99) is required else only 1 pod is onboard

NFavailability = 99.9. 2 pods are onboard if HA(99.99) is required else only 1 pod is onboard

NFavailability = 99.9. 2 pods are onboard if HA(99.99) is required else only 1 pod is onboard

NFavailability = 99.9. 2 pods are onboard if HA(99.99) is required else only 1 pod is onboard
NFavailability = 99.9. 2 pods are onboard if HA(99.99) is required else only 1 pod is onboard
NFavailability = 99.9. 2 pods are onboard if HA(99.99) is required else only 1 pod is onboard
NFavailability = 99.9. 2 pods are onboard if HA(99.99) is required else only 1 pod is onboard
NFavailability = 99.9. 2 pods are onboard if HA(99.99) is required else only 1 pod is onboard
24.0 17.1 17.1 17.1 17.1 
23.08 16.67 17.65 17.65 16.67 

NFavailability = 99.9. 2 pods are onboard if HA(99.99) is required else only 1 pod is onboard
34.5 28.8 28.8 28.8 28.8 
26.09 22.22 21.43 23.08 21.43 

NFavailability = 99.9. 2 pods are onboard if HA(99.99) is required else only 1 pod is onboard
25.0 17.6 17.6 17.6 17.6 
28.57 19.35 19.35 22.22 19.35 

NFavailability = 99.9. 2 pods are onboard if HA(99.99) is required else only 1 pod is onboard
27.4 20.4 20.4 20.4 20.4 
NFavailability = 99.9. 2 pods are onboard if HA(99.99) is required else only 1 pod is onboard
24.8 17.2 17.2 17.2 17.2 
30.0 25.0 20.69 24.0 20.69 

NFavailability = 99.9. 2 pods are onboard if HA(99.99) is required else only 1 pod is onboard

NFavailability = 99.9. 2 pods are onboard if HA(99.99) is required else only 1 pod is onboard
26.8 18.6 18.6 18.6 18.6 
19.35 16.67 18.18 18.75 16.67 

NFavailability = 99.9. 2 pods are onboard if HA(99.99) is required else only 1 pod is onboard
27.47 20.48 20.48 20.48 20.48 
23.66 16.65 16.86 17.43 16.65 

NFavailability = 99.9. 2 pods are onboard if HA(99.99) is required else only 1 pod is onboard
25.41 18.72 18.72 18.72 18.72 
NFavailability = 99.9. 2 pods are onboard if HA(99.99) is required else only 1 pod is onboard

NFavailability = 99.9. 2 pods are onboard if HA(99.99) is required else only 1 pod is onboard
NFavailability = 99.9. 2 pods are onboard if HA(99.99) is required else only 1 pod is onboard
NFavailability = 99.9. 2 pods are onboard if HA(99.99) is required else only 1 pod is onboard
NFavailability = 99.9. 2 pods are onboard if HA(99.99) is required else only 1 pod is onboard
NFavailability = 99.9. 2 pods are onboard if HA(99.99) is required else only 1 pod is onboard

NFavailability = 99.9. 2 pods are onboard if HA(99.99) is required else only 1 pod is onboard

NFavailability = 99.9. 2 pods are onboard if HA(99.99) is required else only 1 pod is onboard
0.0 0.0 0.0 0.0 
0.0 0.0 0.0 0.0 

NFavailability = 99.9. 2 pods are onboard if HA(99.99) is required else only 1 pod is onboard
NFavailability = 99.9. 2 pods are onboard if HA(99.99) is required else only 1 pod is onboard

NFavailability = 99.9. 2 pods are onboard if HA(99.99) is required else only 1 pod is onboard

NFavailability = 99.9. 2 pods are onboard if HA(99.99) is required else only 1 pod is onboard

NFavailability = 99.9. 2 pods are onboard if HA(99.99) is required else only 1 pod is onboard

NFavailability = 99.9. 2 pods are onboard if HA(99.99) is required else only 1 pod is onboard

NFavailability = 99.9. 2 pods are onboard if HA(99.99) is required else only 1 pod is onboard

NFavailability = 99.9. 2 pods are onboard if HA(99.99) is required else only 1 pod is onboard

NFavailability = 99.9. 2 pods are onboard if HA(99.99) is required else only 1 pod is onboard
30.0 28.0 14.88 15.36 
NFavailability = 99.9. 2 pods are onboard if HA(99.99) is required else only 1 pod is onboard
NFavailability = 99.9. 2 pods are onboard if HA(99.99) is required else only 1 pod is onboard
25.2 18.61 18.61 18.61 18.62 
25.0 19.03 18.67 17.79 17.4 
25.0 19.15 18.71 15.72 15.31 
NFavailability = 99.9. 2 pods are onboard if HA(99.99) is required else only 1 pod is onboard
25.22 18.61 18.61 18.61 18.61 
25.3 19.05 18.48 17.53 16.93 
25.41 19.1 18.5 15.45 14.86 
25.08 19.09 18.48 13.86 13.36 
25.01 19.05 18.42 12.87 12.45 
25.23 19.11 18.47 12.0 11.67 
25.26 19.15 18.52 11.37 11.06 
25.17 19.09 18.52 10.92 10.65 
24.92 19.13 18.47 10.48 10.22 
25.01 19.03 18.39 10.09 9.85 
25.23 19.11 18.52 9.85 9.59 
25.05 19.03 18.45 9.58 9.33 
25.19 19.24 18.54 9.31 9.07 
25.0 19.0 18.4 9.07 8.84 
25.2 19.16 18.6 8.88 8.66 
25.28 19.1 18.53 8.72 8.49 
25.13 19.06 18.45 8.58 8.35 
25.05 19.04 18.44 8.39 8.17 
25.07 19.05 18.45 8.28 8.08 
25.07 19.05 18.46 8.18 7.98 
24.96 19.05 18.39 8.07 7.88 
25.12 19.08 18.46 7.97 7.78 
25.16 19.13 18.49 7.92 7.74 
24.91 19.01 18.4 7.88 7.69 
25.07 19.01 18.39 7.75 7.58 
24.91 19.04 18.4 7.7 7.52 
25.1 19.08 18.49 7.68 7.5 
24.99 19.03 18.46 7.58 7.42 
25.29 19.24 18.61 7.55 7.38 
25.18 19.1 18.47 7.49 7.33 

NFavailability = 99.9. 2 pods are onboard if HA(99.99) is required else only 1 pod is onboard
25.12 19.08 18.49 17.55 16.96 
25.25 19.13 18.53 13.93 13.47 
25.1 19.1 18.48 12.05 11.7 
25.19 19.04 18.42 10.91 10.64 
25.21 19.04 18.41 10.12 9.86 
24.99 18.97 18.41 9.52 9.28 
25.18 18.98 18.39 9.07 8.85 
25.23 19.17 18.51 8.73 8.5 
25.1 19.05 18.44 8.39 8.2 
25.21 19.13 18.54 8.16 7.96 
24.97 18.92 18.34 8.03 7.84 
25.09 18.99 18.43 7.83 7.64 
25.25 19.07 18.44 7.68 7.51 
25.1 19.07 18.41 7.6 7.42 
25.27 19.12 18.52 7.48 7.33 
24.96 19.03 18.42 7.41 7.25 
25.19 19.04 18.43 7.31 7.16 
25.03 19.06 18.45 7.25 7.09 
25.24 19.08 18.49 7.15 7.01 
25.13 19.03 18.41 7.11 6.96 

NFavailability = 99.9. 2 pods are onboard if HA(99.99) is required else only 1 pod is onboard
26.28 19.64 18.97 18.57 17.92 
26.03 19.94 18.99 15.25 14.46 
26.28 19.93 18.96 13.08 12.47 
26.17 19.98 19.06 11.88 11.35 
26.21 20.06 19.13 11.02 10.56 
25.99 19.84 18.97 10.25 9.87 
26.14 19.96 19.07 9.79 9.39 
26.04 19.94 18.99 9.46 9.05 
26.18 19.94 19.05 9.07 8.66 
26.01 19.96 18.98 8.8 8.42 
25.96 19.83 18.88 8.53 8.19 
26.24 20.09 19.09 8.36 8.04 
26.09 20.04 19.14 8.23 7.91 
26.0 19.82 18.87 8.15 7.82 
26.27 19.8 18.9 7.95 7.65 
26.03 20.04 18.99 7.85 7.58 
25.87 19.89 18.94 7.75 7.45 
26.07 19.97 19.04 7.69 7.4 
26.0 19.8 18.84 7.61 7.32 
26.06 19.91 19.05 7.54 7.27 
26.07 19.9 18.98 7.49 7.2 
25.98 19.9 18.99 7.4 7.11 
26.24 19.98 19.04 7.34 7.05 
26.31 20.07 19.12 7.31 7.04 
25.79 19.89 19.02 7.3 7.01 

NFavailability = 99.9. 2 pods are onboard if HA(99.99) is required else only 1 pod is onboard
25.73 19.44 18.75 18.43 17.83 
25.99 19.93 18.98 15.15 14.36 
25.87 19.82 18.94 13.08 12.46 
26.47 19.87 18.94 11.9 11.4 
26.12 19.97 19.01 11.02 10.56 
26.18 19.95 19.02 10.37 9.92 
26.12 20.01 19.0 9.81 9.4 
25.96 20.04 19.06 9.42 9.03 
26.22 19.96 19.03 9.05 8.67 
25.98 20.02 19.01 8.79 8.42 
26.21 19.93 19.04 8.58 8.22 
26.22 20.09 19.09 8.34 8.02 
26.16 19.85 18.96 8.23 7.9 
26.1 19.96 18.99 8.07 7.77 
25.97 19.89 18.95 7.98 7.66 
25.82 20.03 19.08 7.82 7.53 
25.92 19.82 18.92 7.79 7.51 
26.34 20.01 19.1 7.73 7.43 
26.02 20.0 19.01 7.6 7.31 
26.07 20.01 19.03 7.55 7.26 
26.01 20.1 19.09 7.47 7.19 
26.08 19.89 18.92 7.41 7.13 
25.94 19.86 18.94 7.32 7.05 
26.29 20.05 19.13 7.34 7.05 
26.06 19.91 19.03 7.26 6.97 

